# scan = 33
# date = 11/8/2003
# time = 10:19:35 PM
# experiment = TbPtIn single crystal;  100 plane
# experiment_number = 41
# command = scan h 0.3 2.08 .005 k 0.3 2.08 .005 l 0.3 2.08 .005 preset mcu 6
# builtin_command = scan h 0.3 2.08 .005 k 0.3 2.08 .005 l 0.3 2.08 .005 preset mcu 6
# users = O.Garlea, C.Stassis, J.L.Zarestky
# local_contact = J.L.Zarestky
# scan_title = hhh scan
# monochromator = PG002
# analyzer = Pg002
# sense = +-+
# collimation = 48-40-40-102
# samplename = TbPtIn
# sampletype = crystal
# samplemosaic = 30.000000
# latticeconstants = 7.554017,7.554017,3.847681,90.000000,90.000000,120.000000
# ubmatrix = -0.008230,-0.004834,0.259516,-0.134256,-0.130074,-0.012979,0.072618,-0.080146,0.005414
# mode = 0
# plane_normal = -0.022217,-0.027363,0.999379
# ubconf = C:\User\exp41\UBConf\UB08Nov2003_100555PM.ini
# preset_type = normal 
# preset_channel = mcu
# preset_value = 6.000000
# def_x = h
# def_y = detector
# col_headers = 
#   Pt.          h          k          l       time   detector    monitor        mcu         m2         s1         s2        sgl        sgu        stl        stu         a1         a2          q         ei         ef          e       temp    coldtip    tsample
      1     0.3001     0.3000     0.3000      5.652      1.000  22200.000      6.000    41.2537    40.7943   -15.1200     1.2730    -1.5670    -0.0020    -0.0010    20.6267    41.2556     0.6994    14.6405    14.6392     0.0013   295.0000     9.7978     9.513
      2     0.3050     0.3050     0.3050      5.677      1.000  22200.000      6.000    41.2537    40.6644   -15.3709     1.2730    -1.5670    -0.0020    -0.0010    20.6267    41.2556     0.7109    14.6405    14.6392     0.0013   295.0000     9.7350     9.519
      3     0.3100     0.3100     0.3100      5.705      1.000  22200.000      6.000    41.2537    40.5374   -15.6249     1.2730    -1.5670    -0.0020    -0.0010    20.6267    41.2556     0.7226    14.6405    14.6392     0.0013   295.0000     9.8023     9.542
      4     0.3150     0.3150     0.3150      5.676      3.000  22200.000      6.000    41.2537    40.4114   -15.8778     1.2730    -1.5670    -0.0020    -0.0010    20.6267    41.2556     0.7342    14.6405    14.6392     0.0013   295.0000     9.7329     9.493
      5     0.3201     0.3201     0.3200      5.652      1.000  22200.000      6.000    41.2537    40.2854   -16.1357     1.2730    -1.5670    -0.0020    -0.0010    20.6267    41.2556     0.7461    14.6405    14.6392     0.0013   295.0000     9.7329     9.493
      6     0.3250     0.3250     0.3250      5.671      1.000  22200.000      6.000    41.2537    40.1565   -16.3867     1.2730    -1.5670    -0.0020    -0.0010    20.6267    41.2556     0.7576    14.6405    14.6392     0.0013   295.0000     9.8010     9.508
      7     0.3300     0.3300     0.3300      5.631      2.000  22200.000      6.000    41.2537    40.0315   -16.6396     1.2730    -1.5670    -0.0020    -0.0010    20.6267    41.2556     0.7692    14.6405    14.6392     0.0013   295.0000     9.7297     9.489
      8     0.3350     0.3350     0.3350      5.528      2.000  22200.000      6.000    41.2537    39.9055   -16.8936     1.2730    -1.5670    -0.0020    -0.0010    20.6267    41.2556     0.7809    14.6405    14.6392     0.0013   295.0000     9.8037     9.502
      9     0.3400     0.3400     0.3400      5.662      1.000  22200.000      6.000    41.2537    39.7766   -17.1475     1.2730    -1.5670    -0.0020    -0.0010    20.6267    41.2556     0.7925    14.6405    14.6392     0.0013   295.0000     9.8037     9.502
     10     0.3450     0.3450     0.3450      5.627      1.000  22200.000      6.000    41.2537    39.6506   -17.4015     1.2730    -1.5670    -0.0020    -0.0010    20.6267    41.2556     0.8042    14.6405    14.6392     0.0013   295.0000     9.7353     9.533
     11     0.3500     0.3500     0.3500      5.667      2.000  22200.000      6.000    41.2537    39.5236   -17.6564     1.2730    -1.5670    -0.0020    -0.0010    20.6267    41.2556     0.8159    14.6405    14.6392     0.0013   295.0000     9.8009     9.549
     12     0.3550     0.3549     0.3550      5.602      0.000  22200.000      6.000    41.2537    39.3957   -17.9093     1.2730    -1.5670    -0.0020    -0.0010    20.6267    41.2556     0.8275    14.6405    14.6392     0.0013   295.0000     9.7331     9.525
     13     0.3600     0.3600     0.3600      5.637      2.000  22200.000      6.000    41.2537    39.2707   -18.1662     1.2730    -1.5670    -0.0020    -0.0010    20.6267    41.2556     0.8392    14.6405    14.6392     0.0013   295.0000     9.7954     9.523
     14     0.3650     0.3650     0.3650      5.641      0.000  22200.000      6.000    41.2537    39.1427   -18.4202     1.2730    -1.5670    -0.0020    -0.0010    20.6267    41.2556     0.8509    14.6405    14.6392     0.0013   295.0000     9.7954     9.523
     15     0.3700     0.3700     0.3700      5.610      3.000  22200.000      6.000    41.2537    39.0157   -18.6751     1.2730    -1.5670    -0.0020    -0.0010    20.6267    41.2556     0.8625    14.6405    14.6392     0.0013   295.0000     9.7251     9.478
     16     0.3749     0.3749     0.3750      5.606      0.000  22200.000      6.000    41.2537    38.8878   -18.9261     1.2730    -1.5670    -0.0020    -0.0010    20.6267    41.2556     0.8740    14.6405    14.6392     0.0013   295.0000     9.7981     9.498
     17     0.3800     0.3800     0.3800      5.610      0.000  22200.000      6.000    41.2537    38.7589   -19.1849     1.2730    -1.5670    -0.0020    -0.0010    20.6267    41.2556     0.8859    14.6405    14.6392     0.0013   295.0000     9.7367     9.524
     18     0.3850     0.3850     0.3850      5.684      0.000  22200.000      6.000    41.2537    38.6329   -19.4379     1.2730    -1.5670    -0.0020    -0.0010    20.6267    41.2556     0.8974    14.6405    14.6392     0.0013   295.0000     9.7367     9.524
     19     0.3900     0.3900     0.3900      5.603      2.000  22200.000      6.000    41.2537    38.5059   -19.6938     1.2730    -1.5670    -0.0020    -0.0010    20.6267    41.2556     0.9091    14.6405    14.6392     0.0013   295.0000     9.8047     9.515
     20     0.3950     0.3950     0.3950      5.634      2.000  22200.000      6.000    41.2537    38.3770   -19.9487     1.2730    -1.5670    -0.0020    -0.0010    20.6267    41.2556     0.9208    14.6405    14.6392     0.0013   295.0000     9.7418     9.497
     21     0.4000     0.4000     0.4000      5.645      0.000  22200.000      6.000    41.2537    38.2510   -20.2036     1.2730    -1.5670    -0.0020    -0.0010    20.6267    41.2556     0.9324    14.6405    14.6392     0.0013   295.0000     9.7459     9.525
     22     0.4050     0.4050     0.4050      5.633      0.000  22200.000      6.000    41.2537    38.1250   -20.4576     1.2730    -1.5670    -0.0020    -0.0010    20.6267    41.2556     0.9440    14.6405    14.6392     0.0013   295.0000     9.7459     9.525
     23     0.4100     0.4100     0.4100      5.635      2.000  22200.000      6.000    41.2537    37.9970   -20.7154     1.2730    -1.5670    -0.0020    -0.0010    20.6267    41.2556     0.9558    14.6405    14.6392     0.0013   295.0000     9.8124     9.562
     24     0.4150     0.4150     0.4150      5.681      0.000  22200.000      6.000    41.2537    37.8691   -20.9684     1.2730    -1.5670    -0.0020    -0.0010    20.6267    41.2556     0.9673    14.6405    14.6392     0.0013   295.0000     9.8099     9.500
     25     0.4200     0.4200     0.4200      5.760      0.000  22200.000      6.000    41.2537    37.7402   -21.2263     1.2730    -1.5670    -0.0020    -0.0010    20.6267    41.2556     0.9791    14.6405    14.6392     0.0013   295.0000     9.7584     9.512
     26     0.4250     0.4250     0.4250      5.595      3.000  22200.000      6.000    41.2537    37.6132   -21.4812     1.2730    -1.5670    -0.0020    -0.0010    20.6267    41.2556     0.9907    14.6405    14.6392     0.0013   295.0000     9.7584     9.512
     27     0.4300     0.4300     0.4300      5.624      2.000  22200.000      6.000    41.2537    37.4852   -21.7381     1.2730    -1.5670    -0.0020    -0.0010    20.6267    41.2556     1.0024    14.6405    14.6392     0.0013   295.0000     9.8178     9.520
     28     0.4349     0.4349     0.4350      5.665      2.000  22200.000      6.000    41.2537    37.3563   -21.9900     1.2730    -1.5670    -0.0020    -0.0010    20.6267    41.2556     1.0139    14.6405    14.6392     0.0013   295.0000     9.7685     9.529
     29     0.4400     0.4400     0.4400      5.628      0.000  22200.000      6.000    41.2537    37.2293   -22.2499     1.2730    -1.5670    -0.0020    -0.0010    20.6267    41.2556     1.0257    14.6405    14.6392     0.0013   295.0000     9.8204     9.524
     30     0.4450     0.4450     0.4450      5.630      3.000  22200.000      6.000    41.2537    37.1024   -22.5038     1.2730    -1.5670    -0.0020    -0.0010    20.6267    41.2556     1.0373    14.6405    14.6392     0.0013   295.0000     9.8204     9.524
     31     0.4500     0.4500     0.4500      5.617      1.000  22200.000      6.000    41.2537    36.9724   -22.7607     1.2730    -1.5670    -0.0020    -0.0010    20.6267    41.2556     1.0490    14.6405    14.6392     0.0013   295.0000     9.8273     9.560
     32     0.4550     0.4550     0.4550      5.645      1.000  22200.000      6.000    41.2537    36.8455   -23.0166     1.2730    -1.5670    -0.0020    -0.0010    20.6267    41.2556     1.0606    14.6405    14.6392     0.0013   295.0000     9.8273     9.523
     33     0.4600     0.4600     0.4600      5.692      0.000  22200.000      6.000    41.2537    36.7165   -23.2745     1.2730    -1.5670    -0.0020    -0.0010    20.6267    41.2556     1.0723    14.6405    14.6392     0.0013   295.0000     9.7792     9.532
     34     0.4651     0.4650     0.4650      5.648      1.000  22200.000      6.000    41.2537    36.5886   -23.5324     1.2730    -1.5670    -0.0020    -0.0010    20.6267    41.2556     1.0840    14.6405    14.6392     0.0013   295.0000     9.8335     9.614
     35     0.4701     0.4700     0.4700      5.590      2.000  22200.000      6.000    41.2537    36.4606   -23.7893     1.2730    -1.5670    -0.0020    -0.0010    20.6267    41.2556     1.0957    14.6405    14.6392     0.0013   295.0000     9.8335     9.614
     36     0.4750     0.4750     0.4750      5.586      1.000  22200.000      6.000    41.2537    36.3327   -24.0432     1.2730    -1.5670    -0.0020    -0.0010    20.6267    41.2556     1.1072    14.6405    14.6392     0.0013   295.0000     9.7776     9.526
     37     0.4800     0.4800     0.4800      5.621      1.000  22200.000      6.000    41.2537    36.2037   -24.3011     1.2730    -1.5670    -0.0020    -0.0010    20.6267    41.2556     1.1189    14.6405    14.6392     0.0013   295.0000     9.8292     9.530
     38     0.4850     0.4850     0.4850      5.623     64.000  22200.000      6.000    41.2537    36.0758   -24.5580     1.2730    -1.5670    -0.0020    -0.0010    20.6267    41.2556     1.1306    14.6405    14.6392     0.0013   295.0000     9.8377     9.589
     39     0.4900     0.4900     0.4900      5.603    688.000  22200.000      6.000    41.2537    35.9469   -24.8148     1.2730    -1.5670    -0.0020    -0.0010    20.6267    41.2556     1.1422    14.6405    14.6392     0.0013   295.0000     9.8377     9.589
     40     0.4950     0.4950     0.4950      5.602   1749.000  22200.000      6.000    41.2537    35.8179   -25.0717     1.2730    -1.5670    -0.0020    -0.0010    20.6267    41.2556     1.1539    14.6405    14.6392     0.0013   295.0000     9.8379     9.545
     41     0.5000     0.5000     0.5000      5.578   2997.000  22200.000      6.000    41.2537    35.6890   -25.3306     1.2730    -1.5670    -0.0020    -0.0010    20.6267    41.2556     1.1656    14.6405    14.6392     0.0013   295.0000     9.7911     9.547
     42     0.5050     0.5050     0.5050      5.608   2166.000  22200.000      6.000    41.2537    35.5600   -25.5865     1.2730    -1.5670    -0.0020    -0.0010    20.6267    41.2556     1.1772    14.6405    14.6392     0.0013   295.0000     9.8389     9.568
     43     0.5100     0.5100     0.5100      5.673    409.000  22200.000      6.000    41.2537    35.4321   -25.8444     1.2730    -1.5670    -0.0020    -0.0010    20.6267    41.2556     1.1888    14.6405    14.6392     0.0013   295.0000     9.8389     9.568
     44     0.5150     0.5150     0.5150      5.616     75.000  22200.000      6.000    41.2537    35.3031   -26.1022     1.2730    -1.5670    -0.0020    -0.0010    20.6267    41.2556     1.2005    14.6405    14.6392     0.0013   295.0000     9.7949     9.547
     45     0.5200     0.5200     0.5200      5.605      6.000  22200.000      6.000    41.2537    35.1742   -26.3601     1.2730    -1.5670    -0.0020    -0.0010    20.6267    41.2556     1.2121    14.6405    14.6392     0.0013   295.0000     9.8339     9.535
     46     0.5250     0.5250     0.5250      5.613      1.000  22200.000      6.000    41.2537    35.0463   -26.6190     1.2730    -1.5670    -0.0020    -0.0010    20.6267    41.2556     1.2238    14.6405    14.6392     0.0013   295.0000     9.8387     9.562
     47     0.5300     0.5300     0.5300      5.599      1.000  22200.000      6.000    41.2537    34.9163   -26.8769     1.2730    -1.5670    -0.0020    -0.0010    20.6267    41.2556     1.2355    14.6405    14.6392     0.0013   295.0000     9.8387     9.562
     48     0.5350     0.5350     0.5350      5.687      1.000  22200.000      6.000    41.2537    34.7874   -27.1357     1.2730    -1.5670    -0.0020    -0.0010    20.6267    41.2556     1.2471    14.6405    14.6392     0.0013   295.0000     9.8386     9.555
     49     0.5400     0.5400     0.5400      5.632      1.000  22200.000      6.000    41.2537    34.6585   -27.3936     1.2730    -1.5670    -0.0020    -0.0010    20.6267    41.2556     1.2588    14.6405    14.6392     0.0013   295.0000     9.8038     9.557
     50     0.5450     0.5450     0.5450      5.685      0.000  22200.000      6.000    41.2537    34.5276   -27.6534     1.2730    -1.5670    -0.0020    -0.0010    20.6267    41.2556     1.2705    14.6405    14.6392     0.0013   295.0000     9.8344     9.550
     51     0.5500     0.5499     0.5500      5.653      2.000  22200.000      6.000    41.2537    34.3976   -27.9103     1.2730    -1.5670    -0.0020    -0.0010    20.6267    41.2556     1.2820    14.6405    14.6392     0.0013   295.0000     9.8344     9.550
     52     0.5551     0.5550     0.5550      5.637      2.000  22200.000      6.000    41.2537    34.2707   -28.1721     1.2730    -1.5670    -0.0020    -0.0010    20.6267    41.2556     1.2938    14.6405    14.6392     0.0013   295.0000     9.8046     9.586
     53     0.5600     0.5600     0.5600      5.710      1.000  22200.000      6.000    41.2537    34.1407   -28.4290     1.2730    -1.5670    -0.0020    -0.0010    20.6267    41.2556     1.3054    14.6405    14.6392     0.0013   295.0000     9.8347     9.549
     54     0.5651     0.5650     0.5650      5.616      0.000  22200.000      6.000    41.2537    34.0118   -28.6898     1.2730    -1.5670    -0.0020    -0.0010    20.6267    41.2556     1.3171    14.6405    14.6392     0.0013   295.0000     9.8367     9.555
     55     0.5700     0.5699     0.5700      5.709      1.000  22200.000      6.000    41.2537    33.8819   -28.9467     1.2730    -1.5670    -0.0020    -0.0010    20.6267    41.2556     1.3286    14.6405    14.6392     0.0013   295.0000     9.8367     9.555
     56     0.5751     0.5750     0.5750      5.681      1.000  22200.000      6.000    41.2537    33.7530   -29.2085     1.2730    -1.5670    -0.0020    -0.0010    20.6267    41.2556     1.3404    14.6405    14.6392     0.0013   295.0000     9.8362     9.573
     57     0.5800     0.5799     0.5800      5.674      2.000  22200.000      6.000    41.2537    33.6211   -29.4664     1.2730    -1.5670    -0.0020    -0.0010    20.6267    41.2556     1.3520    14.6405    14.6392     0.0013   295.0000     9.8182     9.565
     58     0.5850     0.5850     0.5850      5.656      1.000  22200.000      6.000    41.2537    33.4921   -29.7282     1.2730    -1.5670    -0.0020    -0.0010    20.6267    41.2556     1.3637    14.6405    14.6392     0.0013   295.0000     9.8254     9.547
     59     0.5900     0.5900     0.5900      5.609      3.000  22200.000      6.000    41.2537    33.3632   -29.9861     1.2730    -1.5670    -0.0020    -0.0010    20.6267    41.2556     1.3753    14.6405    14.6392     0.0013   295.0000     9.8233     9.587
     60     0.5950     0.5950     0.5950      5.614      0.000  22200.000      6.000    41.2537    33.2333   -30.2479     1.2730    -1.5670    -0.0020    -0.0010    20.6267    41.2556     1.3870    14.6405    14.6392     0.0013   295.0000     9.8233     9.587
     61     0.6000     0.6000     0.6000      5.678      1.000  22200.000      6.000    41.2537    33.1004   -30.5087     1.2730    -1.5670    -0.0020    -0.0010    20.6267    41.2556     1.3987    14.6405    14.6392     0.0013   295.0000     9.8335     9.571
     62     0.6051     0.6050     0.6050      5.661      2.000  22200.000      6.000    41.2537    32.9715   -30.7696     1.2730    -1.5670    -0.0020    -0.0010    20.6267    41.2556     1.4104    14.6405    14.6392     0.0013   295.0000     9.8253     9.562
     63     0.6101     0.6100     0.6100      5.679      1.000  22200.000      6.000    41.2537    32.8415   -31.0304     1.2730    -1.5670    -0.0020    -0.0010    20.6267    41.2556     1.4220    14.6405    14.6392     0.0013   295.0000     9.8308     9.582
     64     0.6151     0.6151     0.6150      5.640      0.000  22200.000      6.000    41.2537    32.7106   -31.2932     1.2730    -1.5670    -0.0020    -0.0010    20.6267    41.2556     1.4338    14.6405    14.6392     0.0013   295.0000     9.8308     9.582
     65     0.6200     0.6199     0.6200      5.673      0.000  22200.000      6.000    41.2537    32.5787   -31.5491     1.2730    -1.5670    -0.0020    -0.0010    20.6267    41.2556     1.4452    14.6405    14.6392     0.0013   295.0000     9.8247     9.554
     66     0.6250     0.6250     0.6250      5.630      2.000  22200.000      6.000    41.2537    32.4498   -31.8119     1.2730    -1.5670    -0.0020    -0.0010    20.6267    41.2556     1.4569    14.6405    14.6392     0.0013   295.0000     9.8303     9.561
     67     0.6300     0.6300     0.6300      5.623      0.000  22200.000      6.000    41.2537    32.3189   -32.0737     1.2730    -1.5670    -0.0020    -0.0010    20.6267    41.2556     1.4686    14.6405    14.6392     0.0013   295.0000     9.8244     9.560
     68     0.6350     0.6350     0.6350      5.664      1.000  22200.000      6.000    41.2537    32.1890   -32.3345     1.2730    -1.5670    -0.0020    -0.0010    20.6267    41.2556     1.4802    14.6405    14.6392     0.0013   295.0000     9.8244     9.560
     69     0.6400     0.6399     0.6400      5.705      0.000  22200.000      6.000    41.2537    32.0571   -32.5944     1.2730    -1.5670    -0.0020    -0.0010    20.6267    41.2556     1.4918    14.6405    14.6392     0.0013   295.0000     9.8288     9.574
     70     0.6450     0.6450     0.6450      5.693      1.000  22200.000      6.000    41.2537    31.9262   -32.8591     1.2730    -1.5670    -0.0020    -0.0010    20.6267    41.2556     1.5036    14.6405    14.6392     0.0013   295.0000     9.8243     9.560
     71     0.6500     0.6500     0.6500      5.689      2.000  22200.000      6.000    41.2537    31.7953   -33.1209     1.2730    -1.5670    -0.0020    -0.0010    20.6267    41.2556     1.5152    14.6405    14.6392     0.0013   295.0000     9.8351     9.587
     72     0.6551     0.6550     0.6550      5.669      1.000  22200.000      6.000    41.2537    31.6644   -33.3837     1.2730    -1.5670    -0.0020    -0.0010    20.6267    41.2556     1.5269    14.6405    14.6392     0.0013   295.0000     9.8351     9.587
     73     0.6600     0.6600     0.6600      5.620      2.000  22200.000      6.000    41.2537    31.5335   -33.6446     1.2730    -1.5670    -0.0020    -0.0010    20.6267    41.2556     1.5385    14.6405    14.6392     0.0013   295.0000     9.8337     9.602
     74     0.6650     0.6649     0.6650      5.644      0.000  22200.000      6.000    41.2537    31.4026   -33.9064     1.2730    -1.5670    -0.0020    -0.0010    20.6267    41.2556     1.5501    14.6405    14.6392     0.0013   295.0000     9.8347     9.560
     75     0.6701     0.6700     0.6700      5.710      0.000  22200.000      6.000    41.2537    31.2717   -34.1721     1.2730    -1.5670    -0.0020    -0.0010    20.6267    41.2556     1.5619    14.6405    14.6392     0.0013   295.0000     9.8307     9.558
     76     0.6750     0.6750     0.6750      5.608      1.000  22200.000      6.000    41.2537    31.1407   -34.4330     1.2730    -1.5670    -0.0020    -0.0010    20.6267    41.2556     1.5735    14.6405    14.6392     0.0013   295.0000     9.8337     9.589
     77     0.6801     0.6800     0.6800      5.639      0.000  22200.000      6.000    41.2537    31.0089   -34.6977     1.2730    -1.5670    -0.0020    -0.0010    20.6267    41.2556     1.5852    14.6405    14.6392     0.0013   295.0000     9.8337     9.589
     78     0.6850     0.6849     0.6850      5.600      0.000  22200.000      6.000    41.2537    30.8760   -34.9576     1.2730    -1.5670    -0.0020    -0.0010    20.6267    41.2556     1.5967    14.6405    14.6392     0.0013   295.0000     9.8233     9.562
     79     0.6900     0.6900     0.6900      5.631      1.000  22200.000      6.000    41.2537    30.7441   -35.2233     1.2730    -1.5670    -0.0020    -0.0010    20.6267    41.2556     1.6084    14.6405    14.6392     0.0013   295.0000     9.8317     9.564
     80     0.6950     0.6950     0.6950      5.642      0.000  22200.000      6.000    41.2537    30.6132   -35.4861     1.2730    -1.5670    -0.0020    -0.0010    20.6267    41.2556     1.6201    14.6405    14.6392     0.0013   295.0000     9.8223     9.587
     81     0.7001     0.7000     0.7000      5.591      2.000  22200.000      6.000    41.2537    30.4803   -35.7528     1.2730    -1.5670    -0.0020    -0.0010    20.6267    41.2556     1.6318    14.6405    14.6392     0.0013   295.0000     9.8223     9.587
     82     0.7050     0.7049     0.7050      5.618      0.000  22200.000      6.000    41.2537    30.3484   -36.0127     1.2730    -1.5670    -0.0020    -0.0010    20.6267    41.2556     1.6433    14.6405    14.6392     0.0013   295.0000     9.8172     9.534
     83     0.7100     0.7100     0.7100      5.597      0.000  22200.000      6.000    41.2537    30.2175   -36.2794     1.2730    -1.5670    -0.0020    -0.0010    20.6267    41.2556     1.6551    14.6405    14.6392     0.0013   295.0000     9.8038     9.465
     84     0.7150     0.7150     0.7150      5.655      0.000  22200.000      6.000    41.2537    30.0856   -36.5432     1.2730    -1.5670    -0.0020    -0.0010    20.6267    41.2556     1.6667    14.6405    14.6392     0.0013   295.0000     9.8193     9.513
     85     0.7200     0.7200     0.7200      5.581      1.000  22200.000      6.000    41.2537    29.9528   -36.8080     1.2730    -1.5670    -0.0020    -0.0010    20.6267    41.2556     1.6784    14.6405    14.6392     0.0013   295.0000     9.8193     9.513
     86     0.7250     0.7249     0.7250      5.658      1.000  22200.000      6.000    41.2537    29.8189   -37.0727     1.2730    -1.5670    -0.0020    -0.0010    20.6267    41.2556     1.6900    14.6405    14.6392     0.0013   295.0000     9.8217     9.537
     87     0.7301     0.7300     0.7300      5.572      0.000  22200.000      6.000    41.2537    29.6880   -37.3395     1.2730    -1.5670    -0.0020    -0.0010    20.6267    41.2556     1.7017    14.6405    14.6392     0.0013   295.0000     9.8215     9.562
     88     0.7350     0.7349     0.7350      5.670      1.000  22200.000      6.000    41.2537    29.5531   -37.6032     1.2730    -1.5670    -0.0020    -0.0010    20.6267    41.2556     1.7133    14.6405    14.6392     0.0013   295.0000     9.8178     9.530
     89     0.7400     0.7400     0.7400      5.641      0.000  22200.000      6.000    41.2537    29.4213   -37.8690     1.2730    -1.5670    -0.0020    -0.0010    20.6267    41.2556     1.7250    14.6405    14.6392     0.0013   295.0000     9.8178     9.530
     90     0.7451     0.7450     0.7450      5.636      0.000  22200.000      6.000    41.2537    29.2894   -38.1357     1.2730    -1.5670    -0.0020    -0.0010    20.6267    41.2556     1.7367    14.6405    14.6392     0.0013   295.0000     9.8245     9.541
     91     0.7500     0.7500     0.7500      5.666      2.000  22200.000      6.000    41.2537    29.1575   -38.4005     1.2730    -1.5670    -0.0020    -0.0010    20.6267    41.2556     1.7483    14.6405    14.6392     0.0013   295.0000     9.8174     9.529
     92     0.7552     0.7551     0.7550      5.583      2.000  22200.000      6.000    41.2537    29.0256   -38.6711     1.2730    -1.5670    -0.0020    -0.0010    20.6267    41.2556     1.7601    14.6405    14.6392     0.0013   295.0000     9.8201     9.574
     93     0.7600     0.7599     0.7600      5.678      1.000  22200.000      6.000    41.2537    28.8907   -38.9310     1.2730    -1.5670    -0.0020    -0.0010    20.6267    41.2556     1.7715    14.6405    14.6392     0.0013   295.0000     9.8201     9.574
     94     0.7651     0.7650     0.7650      5.633      0.000  22200.000      6.000    41.2537    28.7559   -39.2017     1.2730    -1.5670    -0.0020    -0.0010    20.6267    41.2556     1.7834    14.6405    14.6392     0.0013   295.0000     9.8240     9.581
     95     0.7700     0.7699     0.7700      5.630      2.000  22200.000      6.000    41.2537    28.6230   -39.4654     1.2730    -1.5670    -0.0020    -0.0010    20.6267    41.2556     1.7949    14.6405    14.6392     0.0013   295.0000     9.8087     9.540
     96     0.7750     0.7750     0.7750      5.640      0.000  22200.000      6.000    41.2537    28.4892   -39.7341     1.2730    -1.5670    -0.0020    -0.0010    20.6267    41.2556     1.8066    14.6405    14.6392     0.0013   295.0000     9.8046     9.492
     97     0.7799     0.7799     0.7800      5.577      0.000  22200.000      6.000    41.2537    28.3543   -39.9979     1.2730    -1.5670    -0.0020    -0.0010    20.6267    41.2556     1.8181    14.6405    14.6392     0.0013   295.0000     9.8046     9.492
     98     0.7851     0.7850     0.7850      5.724      0.000  22200.000      6.000    41.2537    28.2234   -40.2696     1.2730    -1.5670    -0.0020    -0.0010    20.6267    41.2556     1.8299    14.6405    14.6392     0.0013   295.0000     9.8171     9.611
     99     0.7900     0.7899     0.7900      5.683      2.000  22200.000      6.000    41.2537    28.0896   -40.5343     1.2730    -1.5670    -0.0020    -0.0010    20.6267    41.2556     1.8415    14.6405    14.6392     0.0013   295.0000     9.8101     9.501
    100     0.7950     0.7950     0.7950      5.666      1.000  22200.000      6.000    41.2537    27.9547   -40.8040     1.2730    -1.5670    -0.0020    -0.0010    20.6267    41.2556     1.8532    14.6405    14.6392     0.0013   295.0000     9.8101     9.541
    101     0.8000     0.8000     0.8000      5.627      3.000  22200.000      6.000    41.2537    27.8199   -41.0727     1.2730    -1.5670    -0.0020    -0.0010    20.6267    41.2556     1.8649    14.6405    14.6392     0.0013   295.0000     9.8238     9.582
    102     0.8050     0.8049     0.8050      5.655      0.000  22200.000      6.000    41.2537    27.6860   -41.3395     1.2730    -1.5670    -0.0020    -0.0010    20.6267    41.2556     1.8765    14.6405    14.6392     0.0013   295.0000     9.8238     9.582
    103     0.8100     0.8100     0.8100      5.646      3.000  22200.000      6.000    41.2537    27.5522   -41.6091     1.2730    -1.5670    -0.0020    -0.0010    20.6267    41.2556     1.8882    14.6405    14.6392     0.0013   295.0000     9.8175     9.565
    104     0.8150     0.8150     0.8150      5.690      0.000  22200.000      6.000    41.2537    27.4173   -41.8778     1.2730    -1.5670    -0.0020    -0.0010    20.6267    41.2556     1.8998    14.6405    14.6392     0.0013   295.0000     9.8174     9.550
    105     0.8200     0.8200     0.8200      5.662      3.000  22200.000      6.000    41.2537    27.2825   -42.1475     1.2730    -1.5670    -0.0020    -0.0010    20.6267    41.2556     1.9115    14.6405    14.6392     0.0013   295.0000     9.7548     9.548
    106     0.8250     0.8250     0.8249      5.667      0.000  22200.000      6.000    41.2537    27.1506   -42.4152     1.2730    -1.5670    -0.0020    -0.0010    20.6267    41.2556     1.9231    14.6405    14.6392     0.0013   295.0000     9.8223     9.571
    107     0.8301     0.8300     0.8300      5.583      1.000  22200.000      6.000    41.2537    27.0138   -42.6879     1.2730    -1.5670    -0.0020    -0.0010    20.6267    41.2556     1.9349    14.6405    14.6392     0.0013   295.0000     9.8223     9.571
    108     0.8350     0.8349     0.8350      5.671      1.000  22200.000      6.000    41.2537    26.8789   -42.9536     1.2730    -1.5670    -0.0020    -0.0010    20.6267    41.2556     1.9463    14.6405    14.6392     0.0013   295.0000     9.8250     9.537
    109     0.8400     0.8399     0.8400      5.622      2.000  22200.000      6.000    41.2537    26.7421   -43.2253     1.2730    -1.5670    -0.0020    -0.0010    20.6267    41.2556     1.9581    14.6405    14.6392     0.0013   295.0000     9.8033     9.519
    110     0.8450     0.8449     0.8450      5.642      1.000  22200.000      6.000    41.2537    26.6083   -43.4950     1.2730    -1.5670    -0.0020    -0.0010    20.6267    41.2556     1.9697    14.6405    14.6392     0.0013   295.0000     9.8072     9.566
    111     0.8501     0.8500     0.8500      5.590      1.000  22200.000      6.000    41.2537    26.4724   -43.7686     1.2730    -1.5670    -0.0020    -0.0010    20.6267    41.2556     1.9815    14.6405    14.6392     0.0013   295.0000     9.8072     9.566
    112     0.8550     0.8549     0.8550      5.626      3.000  22200.000      6.000    41.2537    26.3376   -44.0373     1.2730    -1.5670    -0.0020    -0.0010    20.6267    41.2556     1.9930    14.6405    14.6392     0.0013   295.0000     9.8321     9.552
    113     0.8600     0.8600     0.8600      5.659      2.000  22200.000      6.000    41.2537    26.2037   -44.3080     1.2730    -1.5670    -0.0020    -0.0010    20.6267    41.2556     2.0047    14.6405    14.6392     0.0013   295.0000     9.8037     9.554
    114     0.8650     0.8650     0.8650      5.629      0.000  22200.000      6.000    41.2537    26.0679   -44.5796     1.2730    -1.5670    -0.0020    -0.0010    20.6267    41.2556     2.0163    14.6405    14.6392     0.0013   295.0000     9.8318     9.553
    115     0.8700     0.8700     0.8700      5.609      1.000  22200.000      6.000    41.2537    25.9321   -44.8513     1.2730    -1.5670    -0.0020    -0.0010    20.6267    41.2556     2.0280    14.6405    14.6392     0.0013   295.0000     9.8318     9.553
    116     0.8750     0.8750     0.8750      5.626      1.000  22200.000      6.000    41.2537    25.7953   -45.1239     1.2730    -1.5670    -0.0020    -0.0010    20.6267    41.2556     2.0397    14.6405    14.6392     0.0013   295.0000     9.8326     9.589
    117     0.8800     0.8800     0.8800      5.638      0.000  22200.000      6.000    41.2537    25.6575   -45.3975     1.2730    -1.5670    -0.0020    -0.0010    20.6267    41.2556     2.0514    14.6405    14.6392     0.0013   295.0000     9.8233     9.542
    118     0.8850     0.8850     0.8850      5.664      1.000  22200.000      6.000    41.2537    25.5217   -45.6692     1.2730    -1.5670    -0.0020    -0.0010    20.6267    41.2556     2.0630    14.6405    14.6392     0.0013   295.0000     9.8115     9.485
    119     0.8900     0.8899     0.8900      5.614      3.000  22200.000      6.000    41.2537    25.3858   -45.9398     1.2730    -1.5670    -0.0020    -0.0010    20.6267    41.2556     2.0746    14.6405    14.6392     0.0013   295.0000     9.8192     9.563
    120     0.8952     0.8951     0.8950      5.675      2.000  22200.000      6.000    41.2537    25.2500   -46.2194     1.2730    -1.5670    -0.0020    -0.0010    20.6267    41.2556     2.0865    14.6405    14.6392     0.0013   295.0000     9.8192     9.563
    121     0.9000     0.8999     0.9000      5.648      1.000  22200.000      6.000    41.2537    25.1132   -46.4871     1.2730    -1.5670    -0.0020    -0.0010    20.6267    41.2556     2.0979    14.6405    14.6392     0.0013   295.0000     9.8199     9.534
    122     0.9050     0.9050     0.9050      5.621      1.000  22200.000      6.000    41.2537    24.9764   -46.7617     1.2730    -1.5670    -0.0020    -0.0010    20.6267    41.2556     2.1096    14.6405    14.6392     0.0013   295.0000     9.8155     9.554
    123     0.9100     0.9100     0.9100      5.643      1.000  22200.000      6.000    41.2537    24.8406   -47.0343     1.2730    -1.5670    -0.0020    -0.0010    20.6267    41.2556     2.1212    14.6405    14.6392     0.0013   295.0000     9.8167     9.516
    124     0.9151     0.9150     0.9150      5.586      2.000  22200.000      6.000    41.2537    24.7028   -47.3109     1.2730    -1.5670    -0.0020    -0.0010    20.6267    41.2556     2.1330    14.6405    14.6392     0.0013   295.0000     9.8167     9.516
    125     0.9200     0.9200     0.9200      5.666      1.000  22200.000      6.000    41.2537    24.5659   -47.5835     1.2730    -1.5670    -0.0020    -0.0010    20.6267    41.2556     2.1446    14.6405    14.6392     0.0013   295.0000     9.8144     9.556
    126     0.9251     0.9250     0.9250      5.641      0.000  22200.000      6.000    41.2537    24.4281   -47.8591     1.2730    -1.5670    -0.0020    -0.0010    20.6267    41.2556     2.1563    14.6405    14.6392     0.0013   295.0000     9.8129     9.532
    127     0.9300     0.9300     0.9300      5.594      1.000  22200.000      6.000    41.2537    24.2904   -48.1337     1.2730    -1.5670    -0.0020    -0.0010    20.6267    41.2556     2.1679    14.6405    14.6392     0.0013   295.0000     9.8123     9.543
    128     0.9351     0.9350     0.9350      5.555      0.000  22200.000      6.000    41.2537    24.1535   -48.4093     1.2730    -1.5670    -0.0020    -0.0010    20.6267    41.2556     2.1796    14.6405    14.6392     0.0013   295.0000     9.8123     9.543
    129     0.9401     0.9400     0.9400      5.649      1.000  22200.000      6.000    41.2537    24.0148   -48.6869     1.2730    -1.5670    -0.0020    -0.0010    20.6267    41.2556     2.1913    14.6405    14.6392     0.0013   295.0000     9.8156     9.549
    130     0.9450     0.9449     0.9450      5.599      1.000  22200.000      6.000    41.2537    23.8780   -48.9585     1.2730    -1.5670    -0.0020    -0.0010    20.6267    41.2556     2.2028    14.6405    14.6392     0.0013   295.0000     9.8109     9.560
    131     0.9501     0.9500     0.9500      5.617      2.000  22200.000      6.000    41.2537    23.7382   -49.2381     1.2730    -1.5670    -0.0020    -0.0010    20.6267    41.2556     2.2146    14.6405    14.6392     0.0013   295.0000     9.8170     9.536
    132     0.9550     0.9549     0.9550      5.653      1.000  22200.000      6.000    41.2537    23.6004   -49.5127     1.2730    -1.5670    -0.0020    -0.0010    20.6267    41.2556     2.2262    14.6405    14.6392     0.0013   295.0000     9.8170     9.536
    133     0.9601     0.9600     0.9600      5.658      1.000  22200.000      6.000    41.2537    23.4616   -49.7912     1.2730    -1.5670    -0.0020    -0.0010    20.6267    41.2556     2.2379    14.6405    14.6392     0.0013   295.0000     9.8173     9.583
    134     0.9651     0.9650     0.9650      5.613      0.000  22200.000      6.000    41.2537    23.3238   -50.0678     1.2730    -1.5670    -0.0020    -0.0010    20.6267    41.2556     2.2495    14.6405    14.6392     0.0013   295.0000     9.8080     9.527
    135     0.9700     0.9699     0.9700      5.637      2.000  22200.000      6.000    41.2537    23.1860   -50.3434     1.2730    -1.5670    -0.0020    -0.0010    20.6267    41.2556     2.2611    14.6405    14.6392     0.0013   295.0000     9.8098     9.559
    136     0.9750     0.9749     0.9750      5.607      3.000  22200.000      6.000    41.2537    23.0463   -50.6219     1.2730    -1.5670    -0.0020    -0.0010    20.6267    41.2556     2.2728    14.6405    14.6392     0.0013   295.0000     9.8098     9.559
    137     0.9801     0.9800     0.9800      5.571      0.000  22200.000      6.000    41.2537    22.9085   -50.9005     1.2730    -1.5670    -0.0020    -0.0010    20.6267    41.2556     2.2845    14.6405    14.6392     0.0013   295.0000     9.8122     9.511
    138     0.9851     0.9850     0.9850      5.606     44.000  22200.000      6.000    41.2537    22.7687   -51.1800     1.2730    -1.5670    -0.0020    -0.0010    20.6267    41.2556     2.2962    14.6405    14.6392     0.0013   295.0000     9.8001     9.514
    139     0.9900     0.9899     0.9900      5.665    445.000  22200.000      6.000    41.2537    22.6280   -51.4576     1.2730    -1.5670    -0.0020    -0.0010    20.6267    41.2556     2.3078    14.6405    14.6392     0.0013   295.0000     9.7993     9.491
    140     0.9951     0.9950     0.9950      5.608   2346.000  22200.000      6.000    41.2537    22.4882   -51.7381     1.2730    -1.5670    -0.0020    -0.0010    20.6267    41.2556     2.3195    14.6405    14.6392     0.0013   295.0000     9.7344     9.533
    141     1.0000     0.9999     1.0000      5.613   3304.000  22200.000      6.000    41.2537    22.3494   -52.0146     1.2730    -1.5670    -0.0020    -0.0010    20.6267    41.2556     2.3310    14.6405    14.6392     0.0013   295.0000     9.7344     9.533
    142     1.0051     1.0050     1.0050      5.610   1911.000  22200.000      6.000    41.2537    22.2096   -52.2971     1.2730    -1.5670    -0.0020    -0.0010    20.6267    41.2556     2.3428    14.6405    14.6392     0.0013   295.0000     9.8051     9.534
    143     1.0100     1.0099     1.0100      5.656    493.000  22200.000      6.000    41.2537    22.0689   -52.5757     1.2730    -1.5670    -0.0020    -0.0010    20.6267    41.2556     2.3544    14.6405    14.6392     0.0013   295.0000     9.7925     9.498
    144     1.0151     1.0150     1.0150      5.686     49.000  22200.000      6.000    41.2537    21.9291   -52.8572     1.2730    -1.5670    -0.0020    -0.0010    20.6267    41.2556     2.3661    14.6405    14.6392     0.0013   295.0000     9.7273     9.465
    145     1.0200     1.0200     1.0200      5.630      0.000  22200.000      6.000    41.2537    21.7884   -53.1377     1.2730    -1.5670    -0.0020    -0.0010    20.6267    41.2556     2.3777    14.6405    14.6392     0.0013   295.0000     9.7273     9.465
    146     1.0250     1.0249     1.0250      5.561      5.000  22200.000      6.000    41.2537    21.6486   -53.4162     1.2730    -1.5670    -0.0020    -0.0010    20.6267    41.2556     2.3893    14.6405    14.6392     0.0013   295.0000     9.7949     9.558
    147     1.0302     1.0301     1.0300      5.594      1.000  22200.000      6.000    41.2537    21.5079   -53.7046     1.2730    -1.5670    -0.0020    -0.0010    20.6267    41.2556     2.4012    14.6405    14.6392     0.0013   295.0000     9.7884     9.505
    148     1.0350     1.0349     1.0350      5.647      0.000  22200.000      6.000    41.2537    21.3671   -53.9792     1.2730    -1.5670    -0.0020    -0.0010    20.6267    41.2556     2.4126    14.6405    14.6392     0.0013   295.0000     9.7854     9.499
    149     1.0401     1.0400     1.0400      5.635      0.000  22200.000      6.000    41.2537    21.2264   -54.2637     1.2730    -1.5670    -0.0020    -0.0010    20.6267    41.2556     2.4243    14.6405    14.6392     0.0013   295.0000     9.7854     9.499
    150     1.0451     1.0450     1.0450      5.685      2.000  22200.000      6.000    41.2537    21.0856   -54.5461     1.2730    -1.5670    -0.0020    -0.0010    20.6267    41.2556     2.4360    14.6405    14.6392     0.0013   295.0000     9.7810     9.516
    151     1.0501     1.0500     1.0500      5.674      0.000  22200.000      6.000    41.2537    20.9429   -54.8296     1.2730    -1.5670    -0.0020    -0.0010    20.6267    41.2556     2.4477    14.6405    14.6392     0.0013   295.0000     9.7791     9.535
    152     1.0550     1.0549     1.0550      5.611      1.000  22200.000      6.000    41.2537    20.8022   -55.1111     1.2730    -1.5670    -0.0020    -0.0010    20.6267    41.2556     2.4593    14.6405    14.6392     0.0013   295.0000     9.7781     9.441
    153     1.0601     1.0600     1.0600      5.635      1.000  22200.000      6.000    41.2537    20.6594   -55.3965     1.2730    -1.5670    -0.0020    -0.0010    20.6267    41.2556     2.4710    14.6405    14.6392     0.0013   295.0000     9.7783     9.514
    154     1.0650     1.0649     1.0650      5.681      0.000  22200.000      6.000    41.2537    20.5157   -55.6800     1.2730    -1.5670    -0.0020    -0.0010    20.6267    41.2556     2.4826    14.6405    14.6392     0.0013   295.0000     9.7783     9.514
    155     1.0700     1.0699     1.0700      5.687      2.000  22200.000      6.000    41.2537    20.3760   -55.9625     1.2730    -1.5670    -0.0020    -0.0010    20.6267    41.2556     2.4942    14.6405    14.6392     0.0013   295.0000     9.7680     9.463
    156     1.0751     1.0750     1.0750      5.714      1.000  22200.000      6.000    41.2537    20.2343   -56.2499     1.2730    -1.5670    -0.0020    -0.0010    20.6267    41.2556     2.5060    14.6405    14.6392     0.0013   295.0000     9.6975     9.427
    157     1.0800     1.0800     1.0800      5.671      0.000  22200.000      6.000    41.2537    20.0925   -56.5324     1.2730    -1.5670    -0.0020    -0.0010    20.6267    41.2556     2.5175    14.6405    14.6392     0.0013   295.0000     9.7714     9.513
    158     1.0850     1.0850     1.0850      5.659      1.000  22200.000      6.000    41.2537    19.9488   -56.8188     1.2730    -1.5670    -0.0020    -0.0010    20.6267    41.2556     2.5292    14.6405    14.6392     0.0013   295.0000     9.7714     9.513
    159     1.0901     1.0900     1.0900      5.683      0.000  22200.000      6.000    41.2537    19.8051   -57.1052     1.2730    -1.5670    -0.0020    -0.0010    20.6267    41.2556     2.5409    14.6405    14.6392     0.0013   295.0000     9.7738     9.555
    160     1.0950     1.0949     1.0950      5.700      1.000  22200.000      6.000    41.2537    19.6624   -57.3906     1.2730    -1.5670    -0.0020    -0.0010    20.6267    41.2556     2.5525    14.6405    14.6392     0.0013   295.0000     9.6898     9.471
    161     1.1001     1.1000     1.1000      5.715      0.000  22200.000      6.000    41.2537    19.5177   -57.6790     1.2730    -1.5670    -0.0020    -0.0010    20.6267    41.2556     2.5642    14.6405    14.6392     0.0013   295.0000     9.7562     9.531
    162     1.1050     1.1049     1.1050      5.691      0.000  22200.000      6.000    41.2537    19.3750   -57.9635     1.2730    -1.5670    -0.0020    -0.0010    20.6267    41.2556     2.5758    14.6405    14.6392     0.0013   295.0000     9.7562     9.531
    163     1.1101     1.1100     1.1100      5.708      0.000  22200.000      6.000    41.2537    19.2313   -58.2528     1.2730    -1.5670    -0.0020    -0.0010    20.6267    41.2556     2.5875    14.6405    14.6392     0.0013   295.0000     9.7530     9.503
    164     1.1151     1.1150     1.1150      5.565      2.000  22200.000      6.000    41.2537    19.0896   -58.5402     1.2730    -1.5670    -0.0020    -0.0010    20.6267    41.2556     2.5992    14.6405    14.6392     0.0013   295.0000     9.7483     9.469
    165     1.1200     1.1199     1.1200      5.593      1.000  22200.000      6.000    41.2537    18.9439   -58.8276     1.2730    -1.5670    -0.0020    -0.0010    20.6267    41.2556     2.6108    14.6405    14.6392     0.0013   295.0000     9.7433     9.458
    166     1.1250     1.1249     1.1250      5.669      1.000  22200.000      6.000    41.2537    18.7992   -59.1160     1.2730    -1.5670    -0.0020    -0.0010    20.6267    41.2556     2.6224    14.6405    14.6392     0.0013   295.0000     9.7368     9.489
    167     1.1301     1.1300     1.1300      5.741      1.000  22200.000      6.000    41.2537    18.6555   -59.4064     1.2730    -1.5670    -0.0020    -0.0010    20.6267    41.2556     2.6341    14.6405    14.6392     0.0013   295.0000     9.7368     9.489
    168     1.1351     1.1350     1.1350      5.551      2.000  22200.000      6.000    41.2537    18.5108   -59.6967     1.2730    -1.5670    -0.0020    -0.0010    20.6267    41.2556     2.6458    14.6405    14.6392     0.0013   295.0000     9.6566     9.408
    169     1.1400     1.1399     1.1400      5.672      2.000  22200.000      6.000    41.2537    18.3652   -59.9832     1.2730    -1.5670    -0.0020    -0.0010    20.6267    41.2556     2.6574    14.6405    14.6392     0.0013   295.0000     9.7133     9.523
    170     1.1451     1.1450     1.1450      5.647      0.000  22200.000      6.000    41.2537    18.2215   -60.2755     1.2730    -1.5670    -0.0020    -0.0010    20.6267    41.2556     2.6691    14.6405    14.6392     0.0013   295.0000     9.7055     9.450
    171     1.1501     1.1500     1.1500      5.664      0.000  22200.000      6.000    41.2537    18.0758   -60.5668     1.2730    -1.5670    -0.0020    -0.0010    20.6267    41.2556     2.6808    14.6405    14.6392     0.0013   295.0000     9.7055     9.450
    172     1.1551     1.1550     1.1550      5.636      1.000  22200.000      6.000    41.2537    17.9301   -60.8572     1.2730    -1.5670    -0.0020    -0.0010    20.6267    41.2556     2.6924    14.6405    14.6392     0.0013   295.0000     9.7002     9.495
    173     1.1602     1.1601     1.1601      5.646      4.000  22200.000      6.000    41.2537    17.7815   -61.1544     1.2730    -1.5670    -0.0020    -0.0010    20.6267    41.2556     2.7043    14.6405    14.6392     0.0013   295.0000     9.7018     9.450
    174     1.1650     1.1649     1.1650      5.596      1.000  22200.000      6.000    41.2537    17.6378   -61.4398     1.2730    -1.5670    -0.0020    -0.0010    20.6267    41.2556     2.7157    14.6405    14.6392     0.0013   295.0000     9.6861     9.409
    175     1.1701     1.1700     1.1700      5.688      1.000  22200.000      6.000    41.2537    17.4911   -61.7341     1.2730    -1.5670    -0.0020    -0.0010    20.6267    41.2556     2.7274    14.6405    14.6392     0.0013   295.0000     9.6861     9.409
    176     1.1750     1.1749     1.1750      5.700      1.000  22200.000      6.000    41.2537    17.3445   -62.0255     1.2730    -1.5670    -0.0020    -0.0010    20.6267    41.2556     2.7390    14.6405    14.6392     0.0013   295.0000     9.6494     9.455
    177     1.1801     1.1800     1.1800      5.612      0.000  22200.000      6.000    41.2537    17.1988   -62.3208     1.2730    -1.5670    -0.0020    -0.0010    20.6267    41.2556     2.7507    14.6405    14.6392     0.0013   295.0000     9.6827     9.471
    178     1.1851     1.1850     1.1849      5.558      2.000  22200.000      6.000    41.2537    17.0531   -62.6131     1.2730    -1.5670    -0.0020    -0.0010    20.6267    41.2556     2.7623    14.6405    14.6392     0.0013   295.0000     9.6796     9.424
    179     1.1901     1.1900     1.1900      5.673      1.000  22200.000      6.000    41.2537    16.9055   -62.9083     1.2730    -1.5670    -0.0020    -0.0010    20.6267    41.2556     2.7740    14.6405    14.6392     0.0013   295.0000     9.6559     9.435
    180     1.1951     1.1950     1.1950      5.559      0.000  22200.000      6.000    41.2537    16.7569   -63.2026     1.2730    -1.5670    -0.0020    -0.0010    20.6267    41.2556     2.7856    14.6405    14.6392     0.0013   295.0000     9.6559     9.435
    181     1.2000     1.1999     1.2000      5.555      0.000  22200.000      6.000    41.2537    16.6073   -63.4979     1.2730    -1.5670    -0.0020    -0.0010    20.6267    41.2556     2.7973    14.6405    14.6392     0.0013   295.0000     9.6774     9.416
    182     1.2050     1.2049     1.2050      5.614      1.000  22200.000      6.000    41.2537    16.4606   -63.7932     1.2730    -1.5670    -0.0020    -0.0010    20.6267    41.2556     2.8089    14.6405    14.6392     0.0013   295.0000     9.6711     9.452
    183     1.2100     1.2099     1.2100      5.588      0.000  22200.000      6.000    41.2537    16.3130   -64.0885     1.2730    -1.5670    -0.0020    -0.0010    20.6267    41.2556     2.8206    14.6405    14.6392     0.0013   295.0000     9.6675     9.446
    184     1.2151     1.2149     1.2150      5.602      0.000  22200.000      6.000    41.2537    16.1644   -64.3867     1.2730    -1.5670    -0.0020    -0.0010    20.6267    41.2556     2.8323    14.6405    14.6392     0.0013   295.0000     9.6675     9.446
    185     1.2201     1.2200     1.2200      5.645      0.000  22200.000      6.000    41.2537    16.0177   -64.6839     1.2730    -1.5670    -0.0020    -0.0010    20.6267    41.2556     2.8439    14.6405    14.6392     0.0013   295.0000     9.6707     9.466
    186     1.2250     1.2249     1.2250      5.618      0.000  22200.000      6.000    41.2537    15.8681   -64.9802     1.2730    -1.5670    -0.0020    -0.0010    20.6267    41.2556     2.8555    14.6405    14.6392     0.0013   295.0000     9.6677     9.421
    187     1.2300     1.2299     1.2300      5.649      1.000  22200.000      6.000    41.2537    15.7175   -65.2794     1.2730    -1.5670    -0.0020    -0.0010    20.6267    41.2556     2.8672    14.6405    14.6392     0.0013   295.0000     9.6718     9.435
    188     1.2351     1.2350     1.2350      5.670      0.000  22200.000      6.000    41.2537    15.5699   -65.5786     1.2730    -1.5670    -0.0020    -0.0010    20.6267    41.2556     2.8789    14.6405    14.6392     0.0013   295.0000     9.6718     9.435
    189     1.2401     1.2400     1.2400      5.687      1.000  22200.000      6.000    41.2537    15.4203   -65.8769     1.2730    -1.5670    -0.0020    -0.0010    20.6267    41.2556     2.8905    14.6405    14.6392     0.0013   295.0000     9.6662     9.451
    190     1.2451     1.2450     1.2450      5.617      1.000  22200.000      6.000    41.2537    15.2707   -66.1770     1.2730    -1.5670    -0.0020    -0.0010    20.6267    41.2556     2.9022    14.6405    14.6392     0.0013   295.0000     9.6599     9.441
    191     1.2500     1.2499     1.2500      5.609      0.000  22200.000      6.000    41.2537    15.1201   -66.4763     1.2730    -1.5670    -0.0020    -0.0010    20.6267    41.2556     2.9138    14.6405    14.6392     0.0013   295.0000     9.6495     9.388
    192     1.2551     1.2550     1.2550      5.674      0.000  22200.000      6.000    41.2537    14.9705   -66.7774     1.2730    -1.5670    -0.0020    -0.0010    20.6267    41.2556     2.9255    14.6405    14.6392     0.0013   295.0000     9.6586     9.469
    193     1.2600     1.2599     1.2600      5.666      1.000  22200.000      6.000    41.2537    14.8179   -67.0776     1.2730    -1.5670    -0.0020    -0.0010    20.6267    41.2556     2.9371    14.6405    14.6392     0.0013   295.0000     9.6586     9.469
    194     1.2651     1.2650     1.2650      5.679      0.000  22200.000      6.000    41.2537    14.6673   -67.3818     1.2730    -1.5670    -0.0020    -0.0010    20.6267    41.2556     2.9489    14.6405    14.6392     0.0013   295.0000     9.6559     9.431
    195     1.2700     1.2699     1.2700      5.693      0.000  22200.000      6.000    41.2537    14.5157   -67.6820     1.2730    -1.5670    -0.0020    -0.0010    20.6267    41.2556     2.9605    14.6405    14.6392     0.0013   295.0000     9.6503     9.403
    196     1.2750     1.2749     1.2750      5.664      1.000  22200.000      6.000    41.2537    14.3652   -67.9832     1.2730    -1.5670    -0.0020    -0.0010    20.6267    41.2556     2.9721    14.6405    14.6392     0.0013   295.0000     9.6523     9.432
    197     1.2801     1.2800     1.2800      5.669      3.000  22200.000      6.000    41.2537    14.2146   -68.2893     1.2730    -1.5670    -0.0020    -0.0010    20.6267    41.2556     2.9838    14.6405    14.6392     0.0013   295.0000     9.6523     9.432
    198     1.2851     1.2850     1.2850      5.664      0.000  22200.000      6.000    41.2537    14.0620   -68.5954     1.2730    -1.5670    -0.0020    -0.0010    20.6267    41.2556     2.9956    14.6405    14.6392     0.0013   295.0000     9.6481     9.452
    199     1.2901     1.2900     1.2900      5.653      3.000  22200.000      6.000    41.2537    13.9114   -68.8975     1.2730    -1.5670    -0.0020    -0.0010    20.6267    41.2556     3.0071    14.6405    14.6392     0.0013   295.0000     9.6870     9.418
    200     1.2951     1.2950     1.2950      5.673      0.000  22200.000      6.000    41.2537    13.7579   -69.2017     1.2730    -1.5670    -0.0020    -0.0010    20.6267    41.2556     3.0188    14.6405    14.6392     0.0013   295.0000     9.6475     9.437
    201     1.3000     1.2999     1.3000      5.623      2.000  22200.000      6.000    41.2537    13.6024   -69.5068     1.2730    -1.5670    -0.0020    -0.0010    20.6267    41.2556     3.0304    14.6405    14.6392     0.0013   295.0000     9.6447     9.443
    202     1.3050     1.3049     1.3050      5.630      1.000  22200.000      6.000    41.2537    13.4518   -69.8129     1.2730    -1.5670    -0.0020    -0.0010    20.6267    41.2556     3.0421    14.6405    14.6392     0.0013   295.0000     9.6447     9.443
    203     1.3101     1.3099     1.3100      5.653      0.000  22200.000      6.000    41.2537    13.2992   -70.1190     1.2730    -1.5670    -0.0020    -0.0010    20.6267    41.2556     3.0537    14.6405    14.6392     0.0013   295.0000     9.6396     9.377
    204     1.3151     1.3150     1.3150      5.621      0.000  22200.000      6.000    41.2537    13.1437   -70.4280     1.2730    -1.5670    -0.0020    -0.0010    20.6267    41.2556     3.0654    14.6405    14.6392     0.0013   295.0000     9.6447     9.377
    205     1.3201     1.3200     1.3200      5.637      1.000  22200.000      6.000    41.2537    12.9921   -70.7351     1.2730    -1.5670    -0.0020    -0.0010    20.6267    41.2556     3.0770    14.6405    14.6392     0.0013   295.0000     9.6519     9.437
    206     1.3250     1.3249     1.3250      5.626      2.000  22200.000      6.000    41.2537    12.8376   -71.0422     1.2730    -1.5670    -0.0020    -0.0010    20.6267    41.2556     3.0886    14.6405    14.6392     0.0013   295.0000     9.6519     9.437
    207     1.3301     1.3300     1.3300      5.549      3.000  22200.000      6.000    41.2537    12.6831   -71.3522     1.2730    -1.5670    -0.0020    -0.0010    20.6267    41.2556     3.1003    14.6405    14.6392     0.0013   295.0000     9.6522     9.432
    208     1.3351     1.3349     1.3350      5.545      4.000  22200.000      6.000    41.2537    12.5266   -71.6623     1.2730    -1.5670    -0.0020    -0.0010    20.6267    41.2556     3.1120    14.6405    14.6392     0.0013   295.0000     9.6652     9.424
    209     1.3400     1.3399     1.3400      5.585      4.000  22200.000      6.000    41.2537    12.3730   -71.9704     1.2730    -1.5670    -0.0020    -0.0010    20.6267    41.2556     3.1236    14.6405    14.6392     0.0013   295.0000     9.6650     9.447
    210     1.3451     1.3450     1.3450      5.639      3.000  22200.000      6.000    41.2537    12.2185   -72.2833     1.2730    -1.5670    -0.0020    -0.0010    20.6267    41.2556     3.1353    14.6405    14.6392     0.0013   295.0000     9.6650     9.447
    211     1.3501     1.3499     1.3500      5.644      2.000  22200.000      6.000    41.2537    12.0610   -72.5944     1.2730    -1.5670    -0.0020    -0.0010    20.6267    41.2556     3.1470    14.6405    14.6392     0.0013   295.0000     9.6665     9.447
    212     1.3550     1.3549     1.3550      5.685      1.000  22200.000      6.000    41.2537    11.9045   -72.9054     1.2730    -1.5670    -0.0020    -0.0010    20.6267    41.2556     3.1586    14.6405    14.6392     0.0013   295.0000     9.6695     9.453
    213     1.3601     1.3600     1.3600      5.713      1.000  22200.000      6.000    41.2537    11.7490   -73.2194     1.2730    -1.5670    -0.0020    -0.0010    20.6267    41.2556     3.1703    14.6405    14.6392     0.0013   295.0000     9.6665     9.419
    214     1.3650     1.3649     1.3650      5.687      0.000  22200.000      6.000    41.2537    11.5906   -73.5324     1.2730    -1.5670    -0.0020    -0.0010    20.6267    41.2556     3.1819    14.6405    14.6392     0.0013   295.0000     9.7377     9.464
    215     1.3701     1.3699     1.3700      5.614      2.000  22200.000      6.000    41.2537    11.4350   -73.8463     1.2730    -1.5670    -0.0020    -0.0010    20.6267    41.2556     3.1936    14.6405    14.6392     0.0013   295.0000     9.7377     9.464
    216     1.3750     1.3749     1.3750      5.625      1.000  22200.000      6.000    41.2537    11.2776   -74.1603     1.2730    -1.5670    -0.0020    -0.0010    20.6267    41.2556     3.2052    14.6405    14.6392     0.0013   295.0000     9.6742     9.407
    217     1.3800     1.3799     1.3800      5.595      0.000  22200.000      6.000    41.2537    11.1211   -74.4743     1.2730    -1.5670    -0.0020    -0.0010    20.6267    41.2556     3.2168    14.6405    14.6392     0.0013   295.0000     9.6760     9.424
    218     1.3851     1.3850     1.3850      5.574      2.000  22200.000      6.000    41.2537    10.9626   -74.7932     1.2730    -1.5670    -0.0020    -0.0010    20.6267    41.2556     3.2286    14.6405    14.6392     0.0013   295.0000     9.7474     9.469
    219     1.3900     1.3899     1.3900      5.635      0.000  22200.000      6.000    41.2537    10.8041   -75.1072     1.2730    -1.5670    -0.0020    -0.0010    20.6267    41.2556     3.2402    14.6405    14.6392     0.0013   295.0000     9.7474     9.469
    220     1.3951     1.3950     1.3950      5.636      0.000  22200.000      6.000    41.2537    10.6467   -75.4261     1.2730    -1.5670    -0.0020    -0.0010    20.6267    41.2556     3.2519    14.6405    14.6392     0.0013   295.0000     9.6804     9.417
    221     1.4000     1.3999     1.4000      5.610      2.000  22200.000      6.000    41.2537    10.4852   -75.7440     1.2730    -1.5670    -0.0020    -0.0010    20.6267    41.2556     3.2635    14.6405    14.6392     0.0013   295.0000     9.6736     9.383
    222     1.4051     1.4049     1.4050      5.580      0.000  22200.000      6.000    41.2537    10.3268   -76.0629     1.2730    -1.5670    -0.0020    -0.0010    20.6267    41.2556     3.2752    14.6405    14.6392     0.0013   295.0000     9.7438     9.456
    223     1.4101     1.4100     1.4100      5.676      1.000  22200.000      6.000    41.2537    10.1673   -76.3828     1.2730    -1.5670    -0.0020    -0.0010    20.6267    41.2556     3.2869    14.6405    14.6392     0.0013   295.0000     9.7438     9.456
    224     1.4151     1.4150     1.4150      5.629      0.000  22200.000      6.000    41.2537    10.0079   -76.7026     1.2730    -1.5670    -0.0020    -0.0010    20.6267    41.2556     3.2985    14.6405    14.6392     0.0013   295.0000     9.6961     9.466
    225     1.4200     1.4199     1.4200      5.621      0.000  22200.000      6.000    41.2537     9.8465   -77.0206     1.2730    -1.5670    -0.0020    -0.0010    20.6267    41.2556     3.3101    14.6405    14.6392     0.0013   295.0000     9.6925     9.416
    226     1.4251     1.4250     1.4250      5.665      0.000  22200.000      6.000    41.2537     9.6870   -77.3444     1.2730    -1.5670    -0.0020    -0.0010    20.6267    41.2556     3.3218    14.6405    14.6392     0.0013   295.0000     9.7663     9.456
    227     1.4300     1.4299     1.4300      5.691      2.000  22200.000      6.000    41.2537     9.5246   -77.6662     1.2730    -1.5670    -0.0020    -0.0010    20.6267    41.2556     3.3335    14.6405    14.6392     0.0013   295.0000     9.7022     9.496
    228     1.4350     1.4349     1.4350      5.635      0.000  22200.000      6.000    41.2537     9.3652   -77.9871     1.2730    -1.5670    -0.0020    -0.0010    20.6267    41.2556     3.3450    14.6405    14.6392     0.0013   295.0000     9.7022     9.496
    229     1.4401     1.4400     1.4400      5.690      1.000  22200.000      6.000    41.2537     9.2028   -78.3129     1.2730    -1.5670    -0.0020    -0.0010    20.6267    41.2556     3.3568    14.6405    14.6392     0.0013   295.0000     9.7022     9.418
    230     1.4451     1.4450     1.4450      5.633      0.000  22200.000      6.000    41.2537     9.0413   -78.6387     1.2730    -1.5670    -0.0020    -0.0010    20.6267    41.2556     3.3685    14.6405    14.6392     0.0013   295.0000     9.7066     9.486
    231     1.4500     1.4499     1.4500      5.669      1.000  22200.000      6.000    41.2537     8.8770   -78.9615     1.2730    -1.5670    -0.0020    -0.0010    20.6267    41.2556     3.3801    14.6405    14.6392     0.0013   295.0000     9.7152     9.425
    232     1.4551     1.4550     1.4550      5.587      0.000  22200.000      6.000    41.2537     8.7146   -79.2893     1.2730    -1.5670    -0.0020    -0.0010    20.6267    41.2556     3.3918    14.6405    14.6392     0.0013   295.0000     9.7152     9.425
    233     1.4600     1.4599     1.4600      5.625      0.000  22200.000      6.000    41.2537     8.5502   -79.6141     1.2730    -1.5670    -0.0020    -0.0010    20.6267    41.2556     3.4034    14.6405    14.6392     0.0013   295.0000     9.7114     9.445
    234     1.4651     1.4649     1.4650      5.713      0.000  22200.000      6.000    41.2537     8.3868   -79.9428     1.2730    -1.5670    -0.0020    -0.0010    20.6267    41.2556     3.4151    14.6405    14.6392     0.0013   295.0000     9.7168     9.477
    235     1.4701     1.4700     1.4700      5.601      1.000  22200.000      6.000    41.2537     8.2224   -80.2715     1.2730    -1.5670    -0.0020    -0.0010    20.6267    41.2556     3.4267    14.6405    14.6392     0.0013   295.0000     9.7216     9.442
    236     1.4750     1.4749     1.4750      5.649      0.000  22200.000      6.000    41.2537     8.0600   -80.5973     1.2730    -1.5670    -0.0020    -0.0010    20.6267    41.2556     3.4383    14.6405    14.6392     0.0013   295.0000     9.7821     9.500
    237     1.4801     1.4800     1.4800      5.661      7.000  22200.000      6.000    41.2537     7.8947   -80.9290     1.2730    -1.5670    -0.0020    -0.0010    20.6267    41.2556     3.4500    14.6405    14.6392     0.0013   295.0000     9.7821     9.500
    238     1.4851     1.4850     1.4850      5.630     33.000  22200.000      6.000    41.2537     7.7303   -81.2607     1.2730    -1.5670    -0.0020    -0.0010    20.6267    41.2556     3.4617    14.6405    14.6392     0.0013   295.0000     9.7843     9.494
    239     1.4901     1.4899     1.4900      5.651    177.000  22200.000      6.000    41.2537     7.5620   -81.5924     1.2730    -1.5670    -0.0020    -0.0010    20.6267    41.2556     3.4734    14.6405    14.6392     0.0013   295.0000     9.7182     9.421
    240     1.4950     1.4949     1.4950      5.600    276.000  22200.000      6.000    41.2537     7.3967   -81.9221     1.2730    -1.5670    -0.0020    -0.0010    20.6267    41.2556     3.4849    14.6405    14.6392     0.0013   295.0000     9.7292     9.505
    241     1.5001     1.4999     1.5000      5.569    328.000  22200.000      6.000    41.2537     7.2303   -82.2568     1.2730    -1.5670    -0.0020    -0.0010    20.6267    41.2556     3.4966    14.6405    14.6392     0.0013   295.0000     9.7292     9.505
    242     1.5051     1.5050     1.5050      5.685    330.000  22200.000      6.000    41.2537     7.0640   -82.5904     1.2730    -1.5670    -0.0020    -0.0010    20.6267    41.2556     3.5083    14.6405    14.6392     0.0013   295.0000     9.7298     9.439
    243     1.5101     1.5099     1.5100      5.633    175.000  22200.000      6.000    41.2537     6.8967   -82.9251     1.2730    -1.5670    -0.0020    -0.0010    20.6267    41.2556     3.5199    14.6405    14.6392     0.0013   295.0000     9.7226     9.433
    244     1.5150     1.5149     1.5150      5.646     28.000  22200.000      6.000    41.2537     6.7274   -83.2607     1.2730    -1.5670    -0.0020    -0.0010    20.6267    41.2556     3.5316    14.6405    14.6392     0.0013   295.0000     9.7309     9.442
    245     1.5201     1.5200     1.5200      5.628      5.000  22200.000      6.000    41.2537     6.5591   -83.6003     1.2730    -1.5670    -0.0020    -0.0010    20.6267    41.2556     3.5433    14.6405    14.6392     0.0013   295.0000     9.7941     9.529
    246     1.5251     1.5250     1.5250      5.605      0.000  22200.000      6.000    41.2537     6.3907   -83.9359     1.2730    -1.5670    -0.0020    -0.0010    20.6267    41.2556     3.5549    14.6405    14.6392     0.0013   295.0000     9.7941     9.529
    247     1.5301     1.5300     1.5300      5.597      2.000  22200.000      6.000    41.2537     6.2215   -84.2745     1.2730    -1.5670    -0.0020    -0.0010    20.6267    41.2556     3.5666    14.6405    14.6392     0.0013   295.0000     9.7360     9.453
    248     1.5351     1.5350     1.5350      5.649      2.000  22200.000      6.000    41.2537     6.0531   -84.6141     1.2730    -1.5670    -0.0020    -0.0010    20.6267    41.2556     3.5783    14.6405    14.6392     0.0013   295.0000     9.7370     9.454
    249     1.5400     1.5399     1.5400      5.572      1.000  22200.000      6.000    41.2537     5.8819   -84.9517     1.2730    -1.5670    -0.0020    -0.0010    20.6267    41.2556     3.5898    14.6405    14.6392     0.0013   295.0000     9.7977     9.500
    250     1.5451     1.5450     1.5450      5.652      1.000  22200.000      6.000    41.2537     5.7116   -85.2952     1.2730    -1.5670    -0.0020    -0.0010    20.6267    41.2556     3.6016    14.6405    14.6392     0.0013   295.0000     9.7977     9.500
    251     1.5500     1.5499     1.5500      5.655      0.000  22200.000      6.000    41.2537     5.5404   -85.6347     1.2730    -1.5670    -0.0020    -0.0010    20.6267    41.2556     3.6131    14.6405    14.6392     0.0013   295.0000     9.7410     9.529
    252     1.5550     1.5549     1.5550      5.693      0.000  22200.000      6.000    41.2537     5.3691   -85.9772     1.2730    -1.5670    -0.0020    -0.0010    20.6267    41.2556     3.6248    14.6405    14.6392     0.0013   295.0000     9.7453     9.455
    253     1.5601     1.5599     1.5600      5.572      1.000  22200.000      6.000    41.2537     5.1969   -86.3237     1.2730    -1.5670    -0.0020    -0.0010    20.6267    41.2556     3.6365    14.6405    14.6392     0.0013   295.0000     9.7443     9.506
    254     1.5651     1.5650     1.5650      5.586      0.000  22200.000      6.000    41.2537     5.0256   -86.6682     1.2730    -1.5670    -0.0020    -0.0010    20.6267    41.2556     3.6482    14.6405    14.6392     0.0013   295.0000     9.7492     9.475
    255     1.5700     1.5699     1.5700      5.635      0.000  22200.000      6.000    41.2537     4.8524   -87.0117     1.2730    -1.5670    -0.0020    -0.0010    20.6267    41.2556     3.6597    14.6405    14.6392     0.0013   295.0000     9.7492     9.475
    256     1.5751     1.5749     1.5750      5.615      0.000  22200.000      6.000    41.2537     4.6772   -87.3621     1.2730    -1.5670    -0.0020    -0.0010    20.6267    41.2556     3.6715    14.6405    14.6392     0.0013   295.0000     9.7454     9.498
    257     1.5800     1.5799     1.5800      5.602      1.000  22200.000      6.000    41.2537     4.5030   -87.7085     1.2730    -1.5670    -0.0020    -0.0010    20.6267    41.2556     3.6831    14.6405    14.6392     0.0013   295.0000     9.8032     9.501
    258     1.5850     1.5849     1.5850      5.675      1.000  22200.000      6.000    41.2537     4.3297   -88.0570     1.2730    -1.5670    -0.0020    -0.0010    20.6267    41.2556     3.6947    14.6405    14.6392     0.0013   295.0000     9.7545     9.453
    259     1.5901     1.5900     1.5900      5.673      1.000  22200.000      6.000    41.2537     4.1555   -88.4093     1.2730    -1.5670    -0.0020    -0.0010    20.6267    41.2556     3.7065    14.6405    14.6392     0.0013   295.0000     9.7545     9.453
    260     1.5951     1.5950     1.5950      5.668      1.000  22200.000      6.000    41.2537     3.9803   -88.7597     1.2730    -1.5670    -0.0020    -0.0010    20.6267    41.2556     3.7181    14.6405    14.6392     0.0013   295.0000     9.7604     9.492
    261     1.6001     1.5999     1.6000      5.730      0.000  22200.000      6.000    41.2537     3.8041   -89.1101     1.2730    -1.5670    -0.0020    -0.0010    20.6267    41.2556     3.7297    14.6405    14.6392     0.0013   295.0000     9.7571     9.501
    262     1.6051     1.6049     1.6050      5.697      0.000  22200.000      6.000    41.2537     3.6260   -89.4645     1.2730    -1.5670    -0.0020    -0.0010    20.6267    41.2556     3.7414    14.6405    14.6392     0.0013   295.0000     9.7641     9.462
    263     1.6101     1.6100     1.6100      5.671      1.000  22200.000      6.000    41.2537     3.4508   -89.8198     1.2730    -1.5670    -0.0020    -0.0010    20.6267    41.2556     3.7531    14.6405    14.6392     0.0013   295.0000     9.8095     9.541
    264     1.6151     1.6149     1.6150      5.628      0.000  22200.000      6.000    41.2537     3.2736   -90.1711     1.2730    -1.5670    -0.0020    -0.0010    20.6267    41.2556     3.7646    14.6405    14.6392     0.0013   295.0000     9.8095     9.541
    265     1.6201     1.6199     1.6200      5.735      1.000  22200.000      6.000    41.2537     3.0935   -90.5304     1.2730    -1.5670    -0.0020    -0.0010    20.6267    41.2556     3.7764    14.6405    14.6392     0.0013   295.0000     9.8117     9.519
    266     1.6251     1.6250     1.6250      5.622      1.000  22200.000      6.000    41.2537     2.9163   -90.8867     1.2730    -1.5670    -0.0020    -0.0010    20.6267    41.2556     3.7880    14.6405    14.6392     0.0013   295.0000     9.7642     9.461
    267     1.6302     1.6301     1.6300      5.668      0.000  22200.000      6.000    41.2537     2.7352   -91.2509     1.2730    -1.5670    -0.0020    -0.0010    20.6267    41.2556     3.7998    14.6405    14.6392     0.0013   295.0000     9.7666     9.520
    268     1.6350     1.6349     1.6350      5.638      0.000  22200.000      6.000    41.2537     2.5541   -91.6052     1.2730    -1.5670    -0.0020    -0.0010    20.6267    41.2556     3.8113    14.6405    14.6392     0.0013   295.0000     9.7666     9.520
    269     1.6401     1.6400     1.6400      5.658      0.000  22200.000      6.000    41.2537     2.3770   -91.9664     1.2730    -1.5670    -0.0020    -0.0010    20.6267    41.2556     3.8230    14.6405    14.6392     0.0013   295.0000     9.8140     9.553
    270     1.6451     1.6450     1.6450      5.666      0.000  22200.000      6.000    41.2537     2.1949   -92.3296     1.2730    -1.5670    -0.0020    -0.0010    20.6267    41.2556     3.8347    14.6405    14.6392     0.0013   295.0000     9.7687     9.527
    271     1.6501     1.6500     1.6500      5.724      2.000  22200.000      6.000    41.2537     2.0128   -92.6938     1.2730    -1.5670    -0.0020    -0.0010    20.6267    41.2556     3.8463    14.6405    14.6392     0.0013   295.0000     9.7743     9.527
    272     1.6550     1.6549     1.6550      5.708      1.000  22200.000      6.000    41.2537     1.8307   -93.0540     1.2730    -1.5670    -0.0020    -0.0010    20.6267    41.2556     3.8579    14.6405    14.6392     0.0013   295.0000     9.7812     9.571
    273     1.6601     1.6599     1.6600      5.491      1.000  22200.000      6.000    41.2537     1.6467   -93.4231     1.2730    -1.5670    -0.0020    -0.0010    20.6267    41.2556     3.8696    14.6405    14.6392     0.0013   295.0000     9.7812     9.571
    274     1.6650     1.6649     1.6650      5.623      2.000  22200.000      6.000    41.2537     1.4626   -93.7902     1.2730    -1.5670    -0.0020    -0.0010    20.6267    41.2556     3.8813    14.6405    14.6392     0.0013   295.0000     9.7860     9.482
    275     1.6701     1.6700     1.6699      5.633      1.000  22200.000      6.000    41.2537     1.2815   -94.1583     1.2730    -1.5670    -0.0020    -0.0010    20.6267    41.2556     3.8929    14.6405    14.6392     0.0013   295.0000     9.7896     9.501
    276     1.6751     1.6750     1.6750      5.606      1.000  22200.000      6.000    41.2537     1.0965   -94.5284     1.2730    -1.5670    -0.0020    -0.0010    20.6267    41.2556     3.9046    14.6405    14.6392     0.0013   295.0000     9.8134     9.537
    277     1.6801     1.6799     1.6800      5.598      0.000  22200.000      6.000    41.2537     0.9104   -94.8975     1.2730    -1.5670    -0.0020    -0.0010    20.6267    41.2556     3.9162    14.6405    14.6392     0.0013   295.0000     9.8017     9.541
    278     1.6850     1.6849     1.6850      5.684      0.000  22200.000      6.000    41.2537     0.7224   -95.2706     1.2730    -1.5670    -0.0020    -0.0010    20.6267    41.2556     3.9279    14.6405    14.6392     0.0013   295.0000     9.8017     9.541
    279     1.6901     1.6899     1.6900      5.719      1.000  22200.000      6.000    41.2537     0.5354   -95.6456     1.2730    -1.5670    -0.0020    -0.0010    20.6267    41.2556     3.9396    14.6405    14.6392     0.0013   295.0000     9.7954     9.494
    280     1.6951     1.6949     1.6950      5.592      0.000  22200.000      6.000    41.2537     0.3504   -96.0176     1.2730    -1.5670    -0.0020    -0.0010    20.6267    41.2556     3.9511    14.6405    14.6392     0.0013   295.0000     9.7960     9.526
    281     1.7001     1.6999     1.7000      5.584      0.000  22200.000      6.000    41.2537     0.1614   -96.3956     1.2730    -1.5670    -0.0020    -0.0010    20.6267    41.2556     3.9629    14.6405    14.6392     0.0013   295.0000     9.8059     9.559
    282     1.7051     1.7049     1.7050      5.602      0.000  22200.000      6.000    41.2537    -0.0276   -96.7735     1.2730    -1.5670    -0.0020    -0.0010    20.6267    41.2556     3.9745    14.6405    14.6392     0.0013   295.0000     9.8059     9.559
    283     1.7101     1.7099     1.7100      5.626      0.000  22200.000      6.000    41.2537    -0.2175   -97.1524     1.2730    -1.5670    -0.0020    -0.0010    20.6267    41.2556     3.9862    14.6405    14.6392     0.0013   295.0000     9.8027     9.514
    284     1.7150     1.7149     1.7150      5.686      2.000  22200.000      6.000    41.2537    -0.4075   -97.5314     1.2730    -1.5670    -0.0020    -0.0010    20.6267    41.2556     3.9978    14.6405    14.6392     0.0013   295.0000     9.8069     9.543
    285     1.7200     1.7199     1.7200      5.642      1.000  22200.000      6.000    41.2537    -0.5984   -97.9133     1.2730    -1.5670    -0.0020    -0.0010    20.6267    41.2556     4.0094    14.6405    14.6392     0.0013   295.0000     9.8124     9.534
    286     1.7251     1.7249     1.7250      5.637      1.000  22200.000      6.000    41.2537    -0.7894   -98.2971     1.2730    -1.5670    -0.0020    -0.0010    20.6267    41.2556     4.0211    14.6405    14.6392     0.0013   295.0000     9.8151     9.566
    287     1.7303     1.7301     1.7299      5.533      0.000  22200.000      6.000    41.2537    -0.9803   -98.6879     1.2730    -1.5670    -0.0020    -0.0010    20.6267    41.2556     4.0329    14.6405    14.6392     0.0013   295.0000     9.8151     9.566
    288     1.7350     1.7349     1.7350      5.564      0.000  22200.000      6.000    41.2537    -1.1762   -99.0668     1.2730    -1.5670    -0.0020    -0.0010    20.6267    41.2556     4.0444    14.6405    14.6392     0.0013   295.0000     9.8071     9.524
    289     1.7401     1.7400     1.7400      5.663      2.000  22200.000      6.000    41.2537    -1.3681   -99.4576     1.2730    -1.5670    -0.0020    -0.0010    20.6267    41.2556     4.0561    14.6405    14.6392     0.0013   295.0000     9.8146     9.525
    290     1.7450     1.7449     1.7450      5.601      0.000  22200.000      6.000    41.2537    -1.5650   -99.8454     1.2730    -1.5670    -0.0020    -0.0010    20.6267    41.2556     4.0677    14.6405    14.6392     0.0013   295.0000     9.8175     9.541
    291     1.7501     1.7499     1.7500      5.657      2.000  22200.000      6.000    41.2537    -1.7598  -100.2381     1.2730    -1.5670    -0.0020    -0.0010    20.6267    41.2556     4.0794    14.6405    14.6392     0.0013   295.0000     9.8175     9.541
    292     1.7551     1.7549     1.7550      5.701      1.000  22200.000      6.000    41.2537    -1.9547  -100.6288     1.2730    -1.5670    -0.0020    -0.0010    20.6267    41.2556     4.0910    14.6405    14.6392     0.0013   295.0000     9.8157     9.546
    293     1.7601     1.7599     1.7600      5.650      1.000  22200.000      6.000    41.2537    -2.1526  -101.0235     1.2730    -1.5670    -0.0020    -0.0010    20.6267    41.2556     4.1027    14.6405    14.6392     0.0013   295.0000     9.8106     9.515
    294     1.7651     1.7649     1.7650      5.579      0.000  22200.000      6.000    41.2537    -2.3504  -101.4192     1.2730    -1.5670    -0.0020    -0.0010    20.6267    41.2556     4.1143    14.6405    14.6392     0.0013   295.0000     9.8118     9.515
    295     1.7701     1.7700     1.7700      5.639      1.000  22200.000      6.000    41.2537    -2.5492  -101.8178     1.2730    -1.5670    -0.0020    -0.0010    20.6267    41.2556     4.1260    14.6405    14.6392     0.0013   295.0000     9.8190     9.571
    296     1.7751     1.7750     1.7750      5.676      2.000  22200.000      6.000    41.2537    -2.7490  -102.2174     1.2730    -1.5670    -0.0020    -0.0010    20.6267    41.2556     4.1377    14.6405    14.6392     0.0013   295.0000     9.8190     9.571
    297     1.7801     1.7799     1.7800      5.675      4.000  22200.000      6.000    41.2537    -2.9488  -102.6170     1.2730    -1.5670    -0.0020    -0.0010    20.6267    41.2556     4.1493    14.6405    14.6392     0.0013   295.0000     9.8138     9.542
    298     1.7850     1.7848     1.7850      5.615      6.000  22200.000      6.000    41.2537    -3.1516  -103.0176     1.2730    -1.5670    -0.0020    -0.0010    20.6267    41.2556     4.1609    14.6405    14.6392     0.0013   295.0000     9.8074     9.525
    299     1.7900     1.7899     1.7900      5.642      1.000  22200.000      6.000    41.2537    -3.3543  -103.4251     1.2730    -1.5670    -0.0020    -0.0010    20.6267    41.2556     4.1726    14.6405    14.6392     0.0013   295.0000     9.7779     9.543
    300     1.7950     1.7949     1.7950      5.696      1.000  22200.000      6.000    41.2537    -3.5581  -103.8316     1.2730    -1.5670    -0.0020    -0.0010    20.6267    41.2556     4.1843    14.6405    14.6392     0.0013   295.0000     9.8164     9.560
    301     1.8001     1.7999     1.8000      5.658      0.000  22200.000      6.000    41.2537    -3.7608  -104.2400     1.2730    -1.5670    -0.0020    -0.0010    20.6267    41.2556     4.1960    14.6405    14.6392     0.0013   295.0000     9.8164     9.560
    302     1.8052     1.8050     1.8049      5.621      3.000  22200.000      6.000    41.2537    -3.9646  -104.6515     1.2730    -1.5670    -0.0020    -0.0010    20.6267    41.2556     4.2077    14.6405    14.6392     0.0013   295.0000     9.8123     9.533
    303     1.8101     1.8099     1.8100      5.697      0.000  22200.000      6.000    41.2537    -4.1713  -105.0609     1.2730    -1.5670    -0.0020    -0.0010    20.6267    41.2556     4.2192    14.6405    14.6392     0.0013   295.0000     9.7768     9.541
    304     1.8150     1.8148     1.8150      5.653      0.000  22200.000      6.000    41.2537    -4.3799  -105.4743     1.2730    -1.5670    -0.0020    -0.0010    20.6267    41.2556     4.2309    14.6405    14.6392     0.0013   295.0000     9.8112     9.528
    305     1.8201     1.8199     1.8200      5.625      0.000  22200.000      6.000    41.2537    -4.5876  -105.8926     1.2730    -1.5670    -0.0020    -0.0010    20.6267    41.2556     4.2426    14.6405    14.6392     0.0013   295.0000     9.8112     9.528
    306     1.8251     1.8250     1.8250      5.628      1.000  22200.000      6.000    41.2537    -4.7972  -106.3139     1.2730    -1.5670    -0.0020    -0.0010    20.6267    41.2556     4.2543    14.6405    14.6392     0.0013   295.0000     9.8179     9.586
    307     1.8301     1.8300     1.8300      5.619      1.000  22200.000      6.000    41.2537    -5.0049  -106.7302     1.2730    -1.5670    -0.0020    -0.0010    20.6267    41.2556     4.2659    14.6405    14.6392     0.0013   295.0000     9.8094     9.530
    308     1.8350     1.8349     1.8350      5.694      0.000  22200.000      6.000    41.2537    -5.2175  -107.1515     1.2730    -1.5670    -0.0020    -0.0010    20.6267    41.2556     4.2775    14.6405    14.6392     0.0013   295.0000     9.8085     9.544
    309     1.8401     1.8399     1.8399      5.644      1.000  22200.000      6.000    41.2537    -5.4272  -107.5747     1.2730    -1.5670    -0.0020    -0.0010    20.6267    41.2556     4.2892    14.6405    14.6392     0.0013   295.0000     9.8133     9.555
    310     1.8450     1.8449     1.8450      5.633      0.000  22200.000      6.000    41.2537    -5.6427  -108.0009     1.2730    -1.5670    -0.0020    -0.0010    20.6267    41.2556     4.3008    14.6405    14.6392     0.0013   295.0000     9.8133     9.555
    311     1.8501     1.8500     1.8500      5.704      0.000  22200.000      6.000    41.2537    -5.8563  -108.4330     1.2730    -1.5670    -0.0020    -0.0010    20.6267    41.2556     4.3126    14.6405    14.6392     0.0013   295.0000     9.7564     9.541
    312     1.8551     1.8549     1.8550      5.634      1.000  22200.000      6.000    41.2537    -6.0709  -108.8611     1.2730    -1.5670    -0.0020    -0.0010    20.6267    41.2556     4.3241    14.6405    14.6392     0.0013   295.0000     9.8073     9.546
    313     1.8601     1.8599     1.8600      5.690      1.000  22200.000      6.000    41.2537    -6.2884  -109.2942     1.2730    -1.5670    -0.0020    -0.0010    20.6267    41.2556     4.3358    14.6405    14.6392     0.0013   295.0000     9.8108     9.537
    314     1.8651     1.8649     1.8650      5.657      0.000  22200.000      6.000    41.2537    -6.5079  -109.7322     1.2730    -1.5670    -0.0020    -0.0010    20.6267    41.2556     4.3475    14.6405    14.6392     0.0013   295.0000     9.7648     9.521
    315     1.8701     1.8699     1.8700      5.690      0.000  22200.000      6.000    41.2537    -6.7244  -110.1672     1.2730    -1.5670    -0.0020    -0.0010    20.6267    41.2556     4.3591    14.6405    14.6392     0.0013   295.0000     9.7648     9.521
    316     1.8751     1.8749     1.8750      5.685      1.000  22200.000      6.000    41.2537    -6.9449  -110.6072     1.2730    -1.5670    -0.0020    -0.0010    20.6267    41.2556     4.3708    14.6405    14.6392     0.0013   295.0000     9.8182     9.561
    317     1.8801     1.8800     1.8799      5.609      2.000  22200.000      6.000    41.2537    -7.1644  -111.0511     1.2730    -1.5670    -0.0020    -0.0010    20.6267    41.2556     4.3824    14.6405    14.6392     0.0013   295.0000     9.8132     9.560
    318     1.8850     1.8849     1.8850      5.621      1.000  22200.000      6.000    41.2537    -7.3898  -111.4959     1.2730    -1.5670    -0.0020    -0.0010    20.6267    41.2556     4.3941    14.6405    14.6392     0.0013   295.0000     9.7574     9.522
    319     1.8901     1.8899     1.8900      5.682      0.000  22200.000      6.000    41.2537    -7.6132  -111.9438     1.2730    -1.5670    -0.0020    -0.0010    20.6267    41.2556     4.4058    14.6405    14.6392     0.0013   295.0000     9.8155     9.565
    320     1.8951     1.8949     1.8950      5.705      3.000  22200.000      6.000    41.2537    -7.8376  -112.3936     1.2730    -1.5670    -0.0020    -0.0010    20.6267    41.2556     4.4174    14.6405    14.6392     0.0013   295.0000     9.8155     9.565
    321     1.9000     1.8999     1.9000      5.646      5.000  22200.000      6.000    41.2537    -8.0659  -112.8473     1.2730    -1.5670    -0.0020    -0.0010    20.6267    41.2556     4.4291    14.6405    14.6392     0.0013   295.0000     9.8129     9.567
    322     1.9051     1.9049     1.9050      5.652      1.000  22200.000      6.000    41.2537    -8.2933  -113.3030     1.2730    -1.5670    -0.0020    -0.0010    20.6267    41.2556     4.4407    14.6405    14.6392     0.0013   295.0000     9.7526     9.517
    323     1.9102     1.9100     1.9100      5.608      1.000  22200.000      6.000    41.2537    -8.5217  -113.7646     1.2730    -1.5670    -0.0020    -0.0010    20.6267    41.2556     4.4525    14.6405    14.6392     0.0013   295.0000     9.8050     9.529
    324     1.9151     1.9150     1.9150      5.619      1.000  22200.000      6.000    41.2537    -8.7510  -114.2223     1.2730    -1.5670    -0.0020    -0.0010    20.6267    41.2556     4.4640    14.6405    14.6392     0.0013   295.0000     9.8081     9.581
    325     1.9201     1.9199     1.9200      5.532      0.000  22200.000      6.000    41.2537    -8.9833  -114.6859     1.2730    -1.5670    -0.0020    -0.0010    20.6267    41.2556     4.4757    14.6405    14.6392     0.0013   295.0000     9.8081     9.581
    326     1.9251     1.9249     1.9250      5.585      1.000  22200.000      6.000    41.2537    -9.2175  -115.1534     1.2730    -1.5670    -0.0020    -0.0010    20.6267    41.2556     4.4873    14.6405    14.6392     0.0013   295.0000     9.8044     9.548
    327     1.9300     1.9298     1.9301      5.553      0.000  22200.000      6.000    41.2537    -9.4547  -115.6229     1.2730    -1.5670    -0.0020    -0.0010    20.6267    41.2556     4.4990    14.6405    14.6392     0.0013   295.0000     9.8003     9.515
    328     1.9351     1.9349     1.9350      5.567      1.000  22200.000      6.000    41.2537    -9.6900  -116.0973     1.2730    -1.5670    -0.0020    -0.0010    20.6267    41.2556     4.5107    14.6405    14.6392     0.0013   295.0000     9.7970     9.535
    329     1.9401     1.9399     1.9400      5.664      1.000  22200.000      6.000    41.2537    -9.9272  -116.5737     1.2730    -1.5670    -0.0020    -0.0010    20.6267    41.2556     4.5223    14.6405    14.6392     0.0013   295.0000     9.7970     9.535
    330     1.9451     1.9449     1.9450      5.587      1.000  22200.000      6.000    41.2537   -10.1663  -117.0520     1.2730    -1.5670    -0.0020    -0.0010    20.6267    41.2556     4.5339    14.6405    14.6392     0.0013   295.0000     9.8000     9.567
    331     1.9501     1.9499     1.9500      5.648      3.000  22200.000      6.000    41.2537   -10.4085  -117.5353     1.2730    -1.5670    -0.0020    -0.0010    20.6267    41.2556     4.5456    14.6405    14.6392     0.0013   295.0000     9.7945     9.537
    332     1.9550     1.9548     1.9551      5.704      1.000  22200.000      6.000    41.2537   -10.6535  -118.0206     1.2730    -1.5670    -0.0020    -0.0010    20.6267    41.2556     4.5572    14.6405    14.6392     0.0013   295.0000     9.7966     9.508
    333     1.9601     1.9600     1.9600      5.644      2.000  22200.000      6.000    41.2537   -10.8967  -118.5137     1.2730    -1.5670    -0.0020    -0.0010    20.6267    41.2556     4.5690    14.6405    14.6392     0.0013   295.0000     9.7312     9.515
    334     1.9650     1.9649     1.9650      5.592      1.000  22200.000      6.000    41.2537   -11.1427  -119.0028     1.2730    -1.5670    -0.0020    -0.0010    20.6267    41.2556     4.5805    14.6405    14.6392     0.0013   295.0000     9.7312     9.515
    335     1.9701     1.9699     1.9700      5.566      2.000  22200.000      6.000    41.2537   -11.3927  -119.5019     1.2730    -1.5670    -0.0020    -0.0010    20.6267    41.2556     4.5922    14.6405    14.6392     0.0013   295.0000     9.7949     9.568
    336     1.9750     1.9749     1.9750      5.624      5.000  22200.000      6.000    41.2537   -11.6417  -119.9999     1.2730    -1.5670    -0.0020    -0.0010    20.6267    41.2556     4.6038    14.6405    14.6392     0.0013   295.0000     9.7856     9.528
    337     1.9802     1.9800     1.9799      5.637    112.000  22200.000      6.000    41.2537   -11.8927  -120.5087     1.2730    -1.5670    -0.0020    -0.0010    20.6267    41.2556     4.6156    14.6405    14.6392     0.0013   295.0000     9.7865     9.503
    338     1.9851     1.9850     1.9850      5.573    303.000  22200.000      6.000    41.2537   -12.1476  -121.0166     1.2730    -1.5670    -0.0020    -0.0010    20.6266    41.2556     4.6272    14.6405    14.6392     0.0013   295.0000     9.7874     9.543
    339     1.9901     1.9900     1.9900      5.660    451.000  22200.000      6.000    41.2537   -12.4055  -121.5304     1.2730    -1.5670    -0.0020    -0.0010    20.6266    41.2556     4.6389    14.6405    14.6392     0.0013   295.0000     9.7874     9.543
    340     1.9950     1.9949     1.9950      5.560    451.000  22200.000      6.000    41.2537   -12.6634  -122.0432     1.2730    -1.5670    -0.0020    -0.0010    20.6266    41.2556     4.6505    14.6405    14.6392     0.0013   295.0000     9.7899     9.540
    341     2.0000     1.9999     2.0000      5.635    490.000  22200.000      6.000    41.2537   -12.9232  -122.5629     1.2730    -1.5670    -0.0020    -0.0010    20.6266    41.2556     4.6621    14.6405    14.6392     0.0013   295.0000     9.7868     9.502
    342     2.0051     2.0050     2.0049      5.650    548.000  22200.000      6.000    41.2537   -13.1841  -123.0895     1.2730    -1.5670    -0.0020    -0.0010    20.6266    41.2556     4.6738    14.6405    14.6392     0.0013   295.0000     9.7832     9.496
    343     2.0100     2.0099     2.0101      5.604    486.000  22200.000      6.000    41.2537   -13.4528  -123.6200     1.2730    -1.5670    -0.0020    -0.0010    20.6266    41.2556     4.6855    14.6405    14.6392     0.0013   295.0000     9.7856     9.542
    344     2.0150     2.0149     2.0150      5.608    377.000  22200.000      6.000    41.2537   -13.7185  -124.1524     1.2730    -1.5670    -0.0020    -0.0010    20.6266    41.2556     4.6971    14.6405    14.6392     0.0013   295.0000     9.7813     9.523
    345     2.0202     2.0200     2.0199      5.638    116.000  22200.000      6.000    41.2537   -13.9852  -124.6928     1.2730    -1.5670    -0.0020    -0.0010    20.6266    41.2556     4.7088    14.6405    14.6392     0.0013   295.0000     9.7813     9.523
    346     2.0251     2.0249     2.0250      5.614      1.000  22200.000      6.000    41.2537   -14.2589  -125.2351     1.2730    -1.5670    -0.0020    -0.0010    20.6266    41.2556     4.7204    14.6405    14.6392     0.0013   295.0000     9.7820     9.544
    347     2.0301     2.0299     2.0300      5.565      2.000  22200.000      6.000    41.2537   -14.5325  -125.7843     1.2730    -1.5670    -0.0020    -0.0010    20.6266    41.2556     4.7321    14.6405    14.6392     0.0013   295.0000     9.7799     9.540
    348     2.0351     2.0350     2.0349      5.549      3.000  22200.000      6.000    41.2537   -14.8081  -126.3375     1.2730    -1.5670    -0.0020    -0.0010    20.6266    41.2556     4.7437    14.6405    14.6392     0.0013   295.0000     9.7811     9.528
    349     2.0401     2.0399     2.0400      5.546      0.000  22200.000      6.000    41.2537   -15.0886  -126.8965     1.2730    -1.5670    -0.0020    -0.0010    20.6266    41.2556     4.7554    14.6405    14.6392     0.0013   295.0000     9.7866     9.573
    350     2.0450     2.0449     2.0451      5.609      0.000  22200.000      6.000    41.2537   -15.3740  -127.4635     1.2730    -1.5670    -0.0020    -0.0010    20.6266    41.2556     4.7671    14.6405    14.6392     0.0013   295.0000     9.7866     9.573
    351     2.0500     2.0498     2.0500      5.601      0.000  22200.000      6.000    41.2537   -15.6585  -128.0324     1.2730    -1.5670    -0.0020    -0.0010    20.6266    41.2556     4.7787    14.6405    14.6392     0.0013   295.0000     9.7832     9.537
    352     2.0552     2.0550     2.0549      5.628      0.000  22200.000      6.000    41.2537   -15.9449  -128.6131     1.2730    -1.5670    -0.0020    -0.0010    20.6266    41.2556     4.7904    14.6405    14.6392     0.0013   295.0000     9.7907     9.510
    353     2.0602     2.0600     2.0599      5.695      0.000  22200.000      6.000    41.2537   -16.2352  -129.1928     1.2730    -1.5670    -0.0020    -0.0010    20.6266    41.2556     4.8020    14.6405    14.6392     0.0013   295.0000     9.7831     9.546
    354     2.0650     2.0648     2.0651      5.601      0.000  22200.000      6.000    41.2537   -16.5325  -129.7784     1.2730    -1.5670    -0.0020    -0.0010    20.6266    41.2556     4.8136    14.6405    14.6392     0.0013   295.0000     9.7870     9.593
    355     2.0701     2.0699     2.0700      5.575      1.000  22200.000      6.000    41.2537   -16.8278  -130.3759     1.2730    -1.5670    -0.0020    -0.0010    20.6266    41.2556     4.8253    14.6405    14.6392     0.0013   295.0000     9.7870     9.593
    356     2.0750     2.0749     2.0750      5.631      0.000  22200.000      6.000    41.2537   -17.1309  -130.9782     1.2730    -1.5670    -0.0020    -0.0010    20.6266    41.2556     4.8370    14.6405    14.6392     0.0013   295.0000     9.7127     9.515
    357     2.0800     2.0798     2.0801      5.624      1.000  22200.000      6.000    41.2537   -17.4370  -131.5865     1.2730    -1.5670    -0.0020    -0.0010    20.6266    41.2556     4.8486    14.6405    14.6392     0.0013   295.0000     9.7825     9.559
# Sum of Counts = 21757
# Center of Mass = 0.999424+/-0.010203
# Full Width Half-Maximum = 1.033868+/-0.007954
# 11:06:04 PM  11/8/2003   scan completed.
