# scan = 11
# date = 11/8/2003
# time = 11:55:13 AM
# experiment = TbPtIn single crystal;  100 plane
# experiment_number = 41
# command = scanrel s1 4 -4 -.15 preset mcu 2
# builtin_command = scan s1 @(s1)+4 @(s1)+-4 -0.150000
# users = O.Garlea, C.Stassis, J.L.Zarestky
# local_contact = J.L.Zarestky
# scan_title = 
# monochromator = PG002
# analyzer = Pg002
# sense = +-+
# collimation = 48-40-40-102
# samplename = TbPtIn
# sampletype = crystal
# samplemosaic = 30.000000
# latticeconstants = 7.527800,7.527800,3.846800,90.000000,90.000000,120.000000
# ubmatrix = -0.001004,-0.000053,0.259949,-0.132839,-0.132841,-0.001034,0.076692,-0.076696,0.001611
# mode = 0
# plane_normal = -0.006196,0.000009,0.999981
# ubconf = 
# preset_type = normal 
# preset_channel = mcu
# preset_value = 1.000000
# def_x = s1
# def_y = detector
# col_headers = 
#   Pt.         s1       time   detector    monitor        mcu         m2         s2        sgl        sgu        stl        stu         a1         a2          q          h          k          l         ei         ef          e       temp    coldtip    tsample
      1    75.9990      0.965      2.000   3700.000      1.000    41.2537   -36.6032     0.3550     0.0025     0.0000    -0.0010    20.6267    41.2556     1.6693     0.9975     0.9974    -0.0727    14.6405    14.6392     0.0013   295.0000     0.0000     0.000
      2    75.8494      0.950      0.000   3700.000      1.000    41.2537   -36.6032     0.3550     0.0025     0.0000    -0.0010    20.6267    41.2556     1.6693     0.9977     0.9976    -0.0700    14.6405    14.6392     0.0013   295.0000     0.0000     0.000
      3    75.6988      0.954      0.000   3700.000      1.000    41.2537   -36.6032     0.3550     0.0025     0.0000    -0.0010    20.6267    41.2556     1.6693     0.9979     0.9978    -0.0673    14.6405    14.6392     0.0013   295.0000     0.0000     0.000
      4    75.5502      0.966      0.000   3700.000      1.000    41.2537   -36.6032     0.3550     0.0025     0.0000    -0.0010    20.6267    41.2556     1.6693     0.9981     0.9979    -0.0647    14.6405    14.6392     0.0013   295.0000     0.0000     0.000
      5    75.3996      0.938      0.000   3700.000      1.000    41.2537   -36.6032     0.3550     0.0025     0.0000    -0.0010    20.6267    41.2556     1.6693     0.9982     0.9981    -0.0620    14.6405    14.6392     0.0013   295.0000     0.0000     0.000
      6    75.2500      0.964      0.000   3700.000      1.000    41.2537   -36.6032     0.3550     0.0025     0.0000    -0.0010    20.6267    41.2556     1.6693     0.9984     0.9983    -0.0593    14.6405    14.6392     0.0013   295.0000     0.0000     0.000
      7    75.0994      0.925      0.000   3700.000      1.000    41.2537   -36.6032     0.3550     0.0025     0.0000    -0.0010    20.6267    41.2556     1.6693     0.9985     0.9984    -0.0566    14.6405    14.6392     0.0013   295.0000     0.0000     0.000
      8    74.9488      0.925      1.000   3700.000      1.000    41.2537   -36.6032     0.3550     0.0025     0.0000    -0.0010    20.6267    41.2556     1.6693     0.9987     0.9986    -0.0540    14.6405    14.6392     0.0013   295.0000     0.0000     0.000
      9    74.7992      0.933      0.000   3700.000      1.000    41.2537   -36.6032     0.3550     0.0025     0.0000    -0.0010    20.6267    41.2556     1.6693     0.9988     0.9987    -0.0513    14.6405    14.6392     0.0013   295.0000     0.0000     0.000
     10    74.6486      0.963      0.000   3700.000      1.000    41.2537   -36.6032     0.3550     0.0025     0.0000    -0.0010    20.6267    41.2556     1.6693     0.9989     0.9988    -0.0486    14.6405    14.6392     0.0013   295.0000     0.0000     0.000
     11    74.4980      0.940      0.000   3700.000      1.000    41.2537   -36.6032     0.3550     0.0025     0.0000    -0.0010    20.6267    41.2556     1.6693     0.9991     0.9989    -0.0459    14.6405    14.6392     0.0013   295.0000     0.0000     0.000
     12    74.3484      0.956      0.000   3700.000      1.000    41.2537   -36.6032     0.3550     0.0025     0.0000    -0.0010    20.6267    41.2556     1.6693     0.9992     0.9991    -0.0433    14.6405    14.6392     0.0013   295.0000     0.0000     0.000
     13    74.2008      0.949      0.000   3700.000      1.000    41.2537   -36.6032     0.3550     0.0025     0.0000    -0.0010    20.6267    41.2556     1.6693     0.9993     0.9992    -0.0406    14.6405    14.6392     0.0013   295.0000     0.0000     0.000
     14    74.0502      0.925      1.000   3700.000      1.000    41.2537   -36.6032     0.3550     0.0025     0.0000    -0.0010    20.6267    41.2556     1.6693     0.9994     0.9993    -0.0379    14.6405    14.6392     0.0013   295.0000     0.0000     0.000
     15    73.9006      0.945      0.000   3700.000      1.000    41.2537   -36.6032     0.3550     0.0025     0.0000    -0.0010    20.6267    41.2556     1.6693     0.9995     0.9994    -0.0353    14.6405    14.6392     0.0013   295.0000     0.0000     0.000
     16    73.7500      0.969      0.000   3700.000      1.000    41.2537   -36.6032     0.3550     0.0025     0.0000    -0.0010    20.6267    41.2556     1.6693     0.9996     0.9994    -0.0326    14.6405    14.6392     0.0013   295.0000     0.0000     0.000
     17    73.5974      0.939      1.000   3700.000      1.000    41.2537   -36.6032     0.3550     0.0025     0.0000    -0.0010    20.6267    41.2556     1.6693     0.9996     0.9995    -0.0299    14.6405    14.6392     0.0013   295.0000     0.0000     0.000
     18    73.4488      0.918      0.000   3700.000      1.000    41.2537   -36.6032     0.3550     0.0025     0.0000    -0.0010    20.6267    41.2556     1.6693     0.9997     0.9996    -0.0272    14.6405    14.6392     0.0013   295.0000     0.0000     0.000
     19    73.3002      0.938      0.000   3700.000      1.000    41.2537   -36.6032     0.3550     0.0025     0.0000    -0.0010    20.6267    41.2556     1.6693     0.9998     0.9997    -0.0246    14.6405    14.6392     0.0013   295.0000     0.0000     0.000
     20    73.1496      0.928      0.000   3700.000      1.000    41.2537   -36.6032     0.3550     0.0025     0.0000    -0.0010    20.6267    41.2556     1.6693     0.9998     0.9997    -0.0219    14.6405    14.6392     0.0013   295.0000     0.0000     0.000
     21    72.9990      0.943      0.000   3700.000      1.000    41.2537   -36.6032     0.3550     0.0025     0.0000    -0.0010    20.6267    41.2556     1.6693     0.9999     0.9998    -0.0192    14.6405    14.6392     0.0013   295.0000     0.0000     0.000
     22    72.8504      0.926      0.000   3700.000      1.000    41.2537   -36.6032     0.3550     0.0025     0.0000    -0.0010    20.6267    41.2556     1.6693     0.9999     0.9998    -0.0166    14.6405    14.6392     0.0013   295.0000     0.0000     0.000
     23    72.6988      0.944      0.000   3700.000      1.000    41.2537   -36.6032     0.3550     0.0025     0.0000    -0.0010    20.6267    41.2556     1.6693     1.0000     0.9999    -0.0138    14.6405    14.6392     0.0013   295.0000     0.0000     0.000
     24    72.5492      0.965      1.000   3700.000      1.000    41.2537   -36.6032     0.3550     0.0025     0.0000    -0.0010    20.6267    41.2556     1.6693     1.0000     0.9999    -0.0112    14.6405    14.6392     0.0013   295.0000     0.0000     0.000
     25    72.3996      0.926      0.000   3700.000      1.000    41.2537   -36.6032     0.3550     0.0025     0.0000    -0.0010    20.6267    41.2556     1.6693     1.0000     0.9999    -0.0085    14.6405    14.6392     0.0013   295.0000     0.0000     0.000
     26    72.2510      0.971      0.000   3700.000      1.000    41.2537   -36.6032     0.3550     0.0025     0.0000    -0.0010    20.6267    41.2556     1.6693     1.0001     0.9999    -0.0059    14.6405    14.6392     0.0013   295.0000     0.0000     0.000
     27    72.0984      0.954      0.000   3700.000      1.000    41.2537   -36.6032     0.3550     0.0025     0.0000    -0.0010    20.6267    41.2556     1.6693     1.0001     0.9999    -0.0031    14.6405    14.6392     0.0013   295.0000     0.0000     0.000
     28    71.9498      0.931      0.000   3700.000      1.000    41.2537   -36.6032     0.3550     0.0025     0.0000    -0.0010    20.6267    41.2556     1.6693     1.0001     0.9999    -0.0005    14.6405    14.6392     0.0013   295.0000     0.0000     0.000
     29    71.7992      0.954      1.000   3700.000      1.000    41.2537   -36.6032     0.3550     0.0025     0.0000    -0.0010    20.6267    41.2556     1.6693     1.0001     0.9999     0.0022    14.6405    14.6392     0.0013   295.0000     0.0000     0.000
     30    71.6486      0.956      0.000   3700.000      1.000    41.2537   -36.6032     0.3550     0.0025     0.0000    -0.0010    20.6267    41.2556     1.6693     1.0001     0.9999     0.0049    14.6405    14.6392     0.0013   295.0000     0.0000     0.000
     31    71.4980      0.959      1.000   3700.000      1.000    41.2537   -36.6032     0.3550     0.0025     0.0000    -0.0010    20.6267    41.2556     1.6693     1.0000     0.9999     0.0076    14.6405    14.6392     0.0013   295.0000     0.0000     0.000
     32    71.3484      0.957      1.000   3700.000      1.000    41.2537   -36.6032     0.3550     0.0025     0.0000    -0.0010    20.6267    41.2556     1.6693     1.0000     0.9999     0.0102    14.6405    14.6392     0.0013   295.0000     0.0000     0.000
     33    71.2008      0.949      1.000   3700.000      1.000    41.2537   -36.6032     0.3550     0.0025     0.0000    -0.0010    20.6267    41.2556     1.6693     1.0000     0.9999     0.0129    14.6405    14.6392     0.0013   295.0000     0.0000     0.000
     34    71.0492      0.946      1.000   3700.000      1.000    41.2537   -36.6032     0.3550     0.0025     0.0000    -0.0010    20.6267    41.2556     1.6693     1.0000     0.9998     0.0156    14.6405    14.6392     0.0013   295.0000     0.0000     0.000
     35    70.8996      0.933      0.000   3700.000      1.000    41.2537   -36.6032     0.3550     0.0025     0.0000    -0.0010    20.6267    41.2556     1.6693     0.9999     0.9998     0.0182    14.6405    14.6392     0.0013   295.0000     0.0000     0.000
     36    70.7500      0.929      0.000   3700.000      1.000    41.2537   -36.6032     0.3550     0.0025     0.0000    -0.0010    20.6267    41.2556     1.6693     0.9999     0.9997     0.0209    14.6405    14.6392     0.0013   295.0000     0.0000     0.000
     37    70.5974      0.964      1.000   3700.000      1.000    41.2537   -36.6032     0.3550     0.0025     0.0000    -0.0010    20.6267    41.2556     1.6693     0.9998     0.9997     0.0236    14.6405    14.6392     0.0013   295.0000     0.0000     0.000
     38    70.4488      0.959      0.000   3700.000      1.000    41.2537   -36.6032     0.3550     0.0025     0.0000    -0.0010    20.6267    41.2556     1.6693     0.9997     0.9996     0.0263    14.6405    14.6392     0.0013   295.0000     0.0000     0.000
     39    70.2982      0.951      1.000   3700.000      1.000    41.2537   -36.6032     0.3550     0.0025     0.0000    -0.0010    20.6267    41.2556     1.6693     0.9997     0.9995     0.0290    14.6405    14.6392     0.0013   295.0000     0.0000     0.000
     40    70.1496      0.939      0.000   3700.000      1.000    41.2537   -36.6032     0.3550     0.0025     0.0000    -0.0010    20.6267    41.2556     1.6693     0.9996     0.9995     0.0316    14.6405    14.6392     0.0013   295.0000     0.0000     0.000
     41    69.9990      0.941      0.000   3700.000      1.000    41.2537   -36.6032     0.3550     0.0025     0.0000    -0.0010    20.6267    41.2556     1.6693     0.9995     0.9994     0.0343    14.6405    14.6392     0.0013   295.0000     0.0000     0.000
     42    69.8494      0.919      0.000   3700.000      1.000    41.2537   -36.6032     0.3550     0.0025     0.0000    -0.0010    20.6267    41.2556     1.6693     0.9994     0.9993     0.0370    14.6405    14.6392     0.0013   295.0000     0.0000     0.000
     43    69.6988      0.952      0.000   3700.000      1.000    41.2537   -36.6032     0.3550     0.0025     0.0000    -0.0010    20.6267    41.2556     1.6693     0.9993     0.9992     0.0397    14.6405    14.6392     0.0013   295.0000     0.0000     0.000
     44    69.5492      0.940      0.000   3700.000      1.000    41.2537   -36.6032     0.3550     0.0025     0.0000    -0.0010    20.6267    41.2556     1.6693     0.9992     0.9991     0.0423    14.6405    14.6392     0.0013   295.0000     0.0000     0.000
     45    69.3996      0.938      0.000   3700.000      1.000    41.2537   -36.6032     0.3550     0.0025     0.0000    -0.0010    20.6267    41.2556     1.6693     0.9991     0.9990     0.0450    14.6405    14.6392     0.0013   295.0000     0.0000     0.000
     46    69.2500      0.937      0.000   3700.000      1.000    41.2537   -36.6032     0.3550     0.0025     0.0000    -0.0010    20.6267    41.2556     1.6693     0.9990     0.9989     0.0477    14.6405    14.6392     0.0013   295.0000     0.0000     0.000
     47    69.1004      0.924      0.000   3700.000      1.000    41.2537   -36.6032     0.3550     0.0025     0.0000    -0.0010    20.6267    41.2556     1.6693     0.9989     0.9987     0.0503    14.6405    14.6392     0.0013   295.0000     0.0000     0.000
     48    68.9498      0.939      0.000   3700.000      1.000    41.2537   -36.6032     0.3550     0.0025     0.0000    -0.0010    20.6267    41.2556     1.6693     0.9987     0.9986     0.0530    14.6405    14.6392     0.0013   295.0000     0.0000     0.000
     49    68.7992      0.927      0.000   3700.000      1.000    41.2537   -36.6032     0.3550     0.0025     0.0000    -0.0010    20.6267    41.2556     1.6693     0.9986     0.9985     0.0557    14.6405    14.6392     0.0013   295.0000     0.0000     0.000
     50    68.6496      0.906      1.000   3700.000      1.000    41.2537   -36.6032     0.3550     0.0025     0.0000    -0.0010    20.6267    41.2556     1.6693     0.9984     0.9983     0.0583    14.6405    14.6392     0.0013   295.0000     0.0000     0.000
     51    68.4980      0.915      0.000   3700.000      1.000    41.2537   -36.6032     0.3550     0.0025     0.0000    -0.0010    20.6267    41.2556     1.6693     0.9983     0.9982     0.0610    14.6405    14.6392     0.0013   295.0000     0.0000     0.000
     52    68.3484      0.956      0.000   3700.000      1.000    41.2537   -36.6032     0.3550     0.0025     0.0000    -0.0010    20.6267    41.2556     1.6693     0.9981     0.9980     0.0637    14.6405    14.6392     0.0013   295.0000     0.0000     0.000
     53    68.1998      0.966      3.000   3700.000      1.000    41.2537   -36.6032     0.3550     0.0025     0.0000    -0.0010    20.6267    41.2556     1.6693     0.9980     0.9978     0.0664    14.6405    14.6392     0.0013   295.0000     0.0000     0.000
     54    68.0492      0.928      0.000   3700.000      1.000    41.2537   -36.6032     0.3550     0.0025     0.0000    -0.0010    20.6267    41.2556     1.6693     0.9978     0.9977     0.0690    14.6405    14.6392     0.0013   295.0000     0.0000     0.000
# Sum of Counts = 17
# Center of Mass = 71.657871+/-24.586007
# Full Width Half-Maximum = 5.027430+/-16.978429
# 11:57:06 AM  11/8/2003   scan completed.
