# scan = 1
# date = 5/8/2018
# time = 2:52:53 PM
# proposal = 17173
# experiment = Test for Spin Stripes in a Nickelate Crystal
# experiment_number = 788
# command = scan s2 -33.410000 -37.020000 0.090250
# builtin_command = scan s2 -33.410000 -37.020000 0.090250
# users = Junjie Zhang, Bixia Wang, Daniel Phelan, Daniel Pajerowski
# local_contact = 
# scan_title = Ni Powder (0.5,0.5,0.5)
# monochromator = Heusler
# analyzer = Heusler
# sense = +-+
# collimation = 48-80-60-240
# samplename = Lanthanum Nickelate, Lanthanum Nickelate
# sampletype = crystal
# samplemosaic = 30.000000
# latticeconstants = 5.000000,5.000000,5.000000,90.000000,90.000000,90.000000
# ubmatrix = 0.141421,0.141421,-0.000000,-0.000000,-0.000000,0.200000,0.141421,-0.141421,0.000000
# mode = 0
# plane_normal = 0.000000,0.000000,1.000000
# ubconf = UB08May2018_25223PM.ini
# preset_type = normal 
# preset_channel = time
# preset_value = 1.000000
# def_x = s2
# def_y = detector
# col_headers = 
#   Pt.         s2       time   detector    monitor        mcu focal_length         m1         m2       marc     mtrans     mfocus     fguide     hguide     vguide    tbguide     aguide     bguide     cguide         s1        sgl        sgu        stl        stu         a1         a2          q          h          k          l         ei         ef          e    coldtip     sample     temp_a
      1   -33.4127      1.000    791.000    987.000      1.111     7.9186   -43.1425    41.9675     0.2500     2.0000   290.0035     4.0097     0.0007     0.0039     5.1100     0.0000     0.0000     0.0000     9.1090    -0.0140     0.0095     0.0000     0.0000    20.9837    -0.0141     1.4675     0.7432     0.7435    -0.5085    13.5002    13.5002     0.0000     0.0000     0.0000     0.000
      2   -33.5021      1.000    840.000    903.000      1.017     7.9186   -43.1425    41.9675     0.2500     2.0000   290.0035     4.0100     0.0007     0.0039     5.1093     0.0003     0.0000     0.0000     9.1090    -0.0140     0.0095     0.0000     0.0000    20.9837    -0.0141     1.4713     0.7449     0.7451    -0.5107    13.5002    13.5002     0.0000     0.0000     0.0000     0.000
      3   -33.5881      1.000    819.000    982.000      1.106     7.9186   -43.1425    41.9675     0.2500     2.0000   290.0035     4.0097     0.0010     0.0039     5.1097     0.0000     0.0000    -0.0006     9.1090    -0.0140     0.0095     0.0000     0.0000    20.9837    -0.0141     1.4750     0.7465     0.7467    -0.5128    13.5002    13.5002     0.0000     0.0000     0.0000     0.000
      4   -33.6834      1.000    838.000   1007.000      1.134     7.9186   -43.1425    41.9675     0.2500     2.0000   290.0035     4.0100     0.0007     0.0039     5.1097     0.0000     0.0000     0.0000     9.1090    -0.0140     0.0095     0.0000     0.0000    20.9837    -0.0141     1.4791     0.7482     0.7485    -0.5150    13.5002    13.5002     0.0000     0.0000     0.0000     0.000
      5   -33.7700      1.000    831.000    974.000      1.097     7.9186   -43.1425    41.9675     0.2500     2.0000   290.0035     4.0100     0.0007     0.0039     5.1097     0.0000     0.0000     0.0000     9.1090    -0.0140     0.0095     0.0000     0.0000    20.9837    -0.0141     1.4827     0.7498     0.7501    -0.5171    13.5002    13.5002     0.0000     0.0000     0.0000     0.000
      6   -33.8621      1.000    809.000    918.000      1.034     7.9186   -43.1425    41.9675     0.2500     2.0000   290.0035     4.0100     0.0007     0.0039     5.1097     0.0000     0.0000     0.0000     9.1090    -0.0140     0.0095     0.0000     0.0000    20.9837    -0.0141     1.4867     0.7515     0.7517    -0.5194    13.5002    13.5002     0.0000     0.0000     0.0000     0.000
      7   -33.9519      1.000    842.000    875.000      0.985     7.9186   -43.1425    41.9675     0.2500     2.0000   290.0035     4.0097     0.0010     0.0039     5.1097     0.0000     0.0000    -0.0006     9.1090    -0.0140     0.0095     0.0000     0.0000    20.9837    -0.0141     1.4905     0.7531     0.7534    -0.5215    13.5002    13.5002     0.0000     0.0000     0.0000     0.000
      8   -34.0419      1.000    906.000    964.000      1.086     7.9186   -43.1425    41.9675     0.2500     2.0000   290.0035     4.0100     0.0007     0.0039     5.1097     0.0000     0.0000    -0.0006     9.1090    -0.0140     0.0095     0.0000     0.0000    20.9837    -0.0141     1.4943     0.7548     0.7550    -0.5237    13.5002    13.5002     0.0000     0.0000     0.0000     0.000
      9   -34.1338      1.000   1076.000    964.000      1.086     7.9186   -43.1425    41.9675     0.2500     2.0000   290.0035     4.0100     0.0007     0.0039     5.1097     0.0003     0.0000     0.0000     9.1090    -0.0140     0.0095     0.0000     0.0000    20.9837    -0.0141     1.4982     0.7565     0.7567    -0.5259    13.5002    13.5002     0.0000     0.0000     0.0000     0.000
     10   -34.2212      1.000   1376.000   1013.000      1.141     7.9186   -43.1425    41.9675     0.2500     2.0000   290.0035     4.0100     0.0007     0.0035     5.1097     0.0000     0.0000     0.0000     9.1090    -0.0140     0.0095     0.0000     0.0000    20.9837    -0.0141     1.5020     0.7581     0.7583    -0.5281    13.5002    13.5002     0.0000     0.0000     0.0000     0.000
     11   -34.3151      1.000   1716.000    974.000      1.097     7.9186   -43.1425    41.9675     0.2500     2.0000   290.0035     4.0100     0.0007     0.0042     5.1097     0.0000     0.0000     0.0000     9.1090    -0.0140     0.0095     0.0000     0.0000    20.9837    -0.0141     1.5060     0.7598     0.7600    -0.5304    13.5002    13.5002     0.0000     0.0000     0.0000     0.000
     12   -34.4007      1.000   2249.000    914.000      1.029     7.9186   -43.1425    41.9675     0.2500     2.0000   290.0035     4.0100     0.0007     0.0039     5.1097     0.0000     0.0000     0.0000     9.1090    -0.0140     0.0095     0.0000     0.0000    20.9837    -0.0141     1.5096     0.7613     0.7616    -0.5324    13.5002    13.5002     0.0000     0.0000     0.0000     0.000
     13   -34.4952      1.000   2785.000    965.000      1.087     7.9186   -43.1425    41.9675     0.2500     2.0000   290.0035     4.0100     0.0007     0.0039     5.1093     0.0000     0.0000    -0.0006     9.1090    -0.0140     0.0095     0.0000     0.0000    20.9837    -0.0141     1.5136     0.7631     0.7633    -0.5347    13.5002    13.5002     0.0000     0.0000     0.0000     0.000
     14   -34.5816      1.000   3481.000   1013.000      1.141     7.9186   -43.1425    41.9675     0.2500     2.0000   290.0035     4.0100     0.0007     0.0039     5.1097     0.0000     0.0000     0.0000     9.1090    -0.0140     0.0095     0.0000     0.0000    20.9837    -0.0141     1.5173     0.7646     0.7649    -0.5369    13.5002    13.5002     0.0000     0.0000     0.0000     0.000
     15   -34.6743      1.000   4388.000    936.000      1.054     7.9186   -43.1425    41.9675     0.2500     2.0000   290.0035     4.0100     0.0007     0.0039     5.1097     0.0003     0.0000     0.0000     9.1090    -0.0140     0.0095     0.0000     0.0000    20.9837    -0.0141     1.5212     0.7663     0.7665    -0.5391    13.5002    13.5002     0.0000     0.0000     0.0000     0.000
     16   -34.7625      1.000   5310.000    922.000      1.038     7.9186   -43.1425    41.9675     0.2500     2.0000   290.0035     4.0100     0.0007     0.0039     5.1097     0.0003     0.0000    -0.0006     9.1090    -0.0140     0.0095     0.0000     0.0000    20.9837    -0.0141     1.5250     0.7679     0.7681    -0.5413    13.5002    13.5002     0.0000     0.0000     0.0000     0.000
     17   -34.8537      1.000   6389.000    988.000      1.113     7.9186   -43.1425    41.9675     0.2500     2.0000   290.0035     4.0100     0.0007     0.0039     5.1097     0.0003     0.0000     0.0000     9.1090    -0.0140     0.0095     0.0000     0.0000    20.9837    -0.0141     1.5289     0.7695     0.7698    -0.5435    13.5002    13.5002     0.0000     0.0000     0.0000     0.000
     18   -34.9434      1.000   6925.000    972.000      1.095     7.9186   -43.1425    41.9675     0.2500     2.0000   290.0035     4.0100     0.0007     0.0039     5.1097     0.0003     0.0000    -0.0006     9.1090    -0.0140     0.0095     0.0000     0.0000    20.9837    -0.0141     1.5327     0.7712     0.7714    -0.5458    13.5002    13.5002     0.0000     0.0000     0.0000     0.000
     19   -35.0332      1.000   7652.000    926.000      1.043     7.9186   -43.1425    41.9675     0.2500     2.0000   290.0035     4.0100     0.0007     0.0039     5.1097     0.0003     0.0000     0.0000     9.1090    -0.0140     0.0095     0.0000     0.0000    20.9837    -0.0141     1.5365     0.7728     0.7730    -0.5480    13.5002    13.5002     0.0000     0.0000     0.0000     0.000
     20   -35.1255      1.000   7819.000    978.000      1.101     7.9186   -43.1425    41.9675     0.2500     2.0000   290.0035     4.0097     0.0010     0.0039     5.1097     0.0000     0.0000     0.0000     9.1090    -0.0140     0.0095     0.0000     0.0000    20.9837    -0.0141     1.5404     0.7744     0.7747    -0.5502    13.5002    13.5002     0.0000     0.0000     0.0000     0.000
     21   -35.2127      1.000   7906.000   1018.000      1.146     7.9186   -43.1425    41.9675     0.2500     2.0000   290.0035     4.0097     0.0003     0.0039     5.1097     0.0000     0.0000     0.0000     9.1090    -0.0140     0.0095     0.0000     0.0000    20.9837    -0.0141     1.5441     0.7760     0.7762    -0.5524    13.5002    13.5002     0.0000     0.0000     0.0000     0.000
     22   -35.3068      1.000   7830.000    940.000      1.059     7.9186   -43.1425    41.9675     0.2500     2.0000   290.0035     4.0100     0.0007     0.0039     5.1097     0.0000     0.0000     0.0000     9.1090    -0.0140     0.0095     0.0000     0.0000    20.9837    -0.0141     1.5481     0.7777     0.7779    -0.5547    13.5002    13.5002     0.0000     0.0000     0.0000     0.000
     23   -35.3930      1.000   7506.000    981.000      1.105     7.9186   -43.1425    41.9675     0.2500     2.0000   290.0035     4.0100     0.0007     0.0039     5.1097     0.0000     0.0000     0.0000     9.1090    -0.0140     0.0095     0.0000     0.0000    20.9837    -0.0141     1.5518     0.7792     0.7795    -0.5569    13.5002    13.5002     0.0000     0.0000     0.0000     0.000
     24   -35.4871      1.000   7096.000    945.000      1.064     7.9186   -43.1425    41.9675     0.2500     2.0000   290.0035     4.0100     0.0007     0.0039     5.1093     0.0003     0.0000    -0.0006     9.1090    -0.0140     0.0095     0.0000     0.0000    20.9837    -0.0141     1.5558     0.7809     0.7812    -0.5592    13.5002    13.5002     0.0000     0.0000     0.0000     0.000
     25   -35.5741      1.000   6617.000    908.000      1.023     7.9186   -43.1425    41.9675     0.2500     2.0000   290.0035     4.0100     0.0007     0.0039     5.1097     0.0000     0.0000    -0.0006     9.1090    -0.0140     0.0095     0.0000     0.0000    20.9837    -0.0141     1.5595     0.7825     0.7827    -0.5614    13.5002    13.5002     0.0000     0.0000     0.0000     0.000
     26   -35.6667      1.000   5820.000    986.000      1.110     7.9186   -43.1425    41.9675     0.2500     2.0000   290.0035     4.0100     0.0010     0.0039     5.1100     0.0003     0.0000     0.0000     9.1090    -0.0140     0.0095     0.0000     0.0000    20.9837    -0.0141     1.5634     0.7841     0.7844    -0.5637    13.5002    13.5002     0.0000     0.0000     0.0000     0.000
     27   -35.7556      1.000   4988.000    932.000      1.050     7.9186   -43.1425    41.9675     0.2500     2.0000   290.0035     4.0097     0.0010     0.0039     5.1097     0.0000     0.0000     0.0000     9.1090    -0.0140     0.0095     0.0000     0.0000    20.9837    -0.0139     1.5672     0.7857     0.7859    -0.5659    13.5002    13.5002     0.0000     0.0000     0.0000     0.000
     28   -35.8462      1.000   4041.000    934.000      1.052     7.9186   -43.1425    41.9675     0.2500     2.0000   290.0035     4.0100     0.0007     0.0039     5.1097     0.0000     0.0000     0.0000     9.1090    -0.0140     0.0095     0.0000     0.0000    20.9837    -0.0139     1.5710     0.7873     0.7875    -0.5682    13.5002    13.5002     0.0000     0.0000     0.0000     0.000
     29   -35.9375      1.000   3136.000    976.000      1.099     7.9186   -43.1425    41.9675     0.2500     2.0000   290.0035     4.0100     0.0007     0.0039     5.1097     0.0000     0.0000     0.0000     9.1090    -0.0140     0.0095     0.0000     0.0000    20.9837    -0.0139     1.5749     0.7889     0.7892    -0.5705    13.5002    13.5002     0.0000     0.0000     0.0000     0.000
     30   -36.0265      1.000   2385.000    928.000      1.045     7.9186   -43.1425    41.9675     0.2500     2.0000   290.0035     4.0100     0.0007     0.0039     5.1097     0.0003     0.0000     0.0000     9.1090    -0.0140     0.0095     0.0000     0.0000    20.9837    -0.0139     1.5786     0.7905     0.7907    -0.5727    13.5002    13.5002     0.0000     0.0000     0.0000     0.000
     31   -36.1196      1.000   1707.000    907.000      1.021     7.9186   -43.1425    41.9675     0.2500     2.0000   290.0035     4.0100     0.0007     0.0039     5.1097     0.0000     0.0000    -0.0006     9.1090    -0.0140     0.0095     0.0000     0.0000    20.9837    -0.0139     1.5826     0.7921     0.7924    -0.5751    13.5002    13.5002     0.0000     0.0000     0.0000     0.000
     32   -36.2056      1.000   1443.000    998.000      1.124     7.9186   -43.1425    41.9675     0.2500     2.0000   290.0035     4.0100     0.0007     0.0039     5.1097     0.0000     0.0000     0.0000     9.1090    -0.0140     0.0095     0.0000     0.0000    20.9837    -0.0139     1.5862     0.7937     0.7939    -0.5772    13.5002    13.5002     0.0000     0.0000     0.0000     0.000
     33   -36.3017      1.000   1096.000    985.000      1.109     7.9186   -43.1425    41.9675     0.2500     2.0000   290.0035     4.0100     0.0007     0.0042     5.1097     0.0000     0.0000     0.0000     9.1090    -0.0140     0.0095     0.0000     0.0000    20.9837    -0.0139     1.5903     0.7953     0.7956    -0.5796    13.5002    13.5002     0.0000     0.0000     0.0000     0.000
     34   -36.3862      1.000    945.000    972.000      1.095     7.9186   -43.1425    41.9675     0.2500     2.0000   290.0035     4.0097     0.0007     0.0039     5.1097     0.0003     0.0000     0.0000     9.1090    -0.0140     0.0095     0.0000     0.0000    20.9837    -0.0139     1.5939     0.7968     0.7971    -0.5818    13.5002    13.5002     0.0000     0.0000     0.0000     0.000
     35   -36.4799      1.000    890.000    984.000      1.108     7.9186   -43.1425    41.9675     0.2500     2.0000   290.0035     4.0100     0.0007     0.0039     5.1097     0.0000     0.0000     0.0000     9.1090    -0.0140     0.0095     0.0000     0.0000    20.9837    -0.0139     1.5978     0.7985     0.7987    -0.5841    13.5002    13.5002     0.0000     0.0000     0.0000     0.000
     36   -36.5669      1.000    799.000    980.000      1.104     7.9186   -43.1425    41.9675     0.2500     2.0000   290.0035     4.0097     0.0007     0.0039     5.1097     0.0000     0.0000     0.0000     9.1090    -0.0140     0.0095     0.0000     0.0000    20.9837    -0.0139     1.6015     0.8000     0.8003    -0.5864    13.5002    13.5002     0.0000     0.0000     0.0000     0.000
     37   -36.6596      1.000    825.000    935.000      1.053     7.9186   -43.1425    41.9675     0.2500     2.0000   290.0035     4.0097     0.0007     0.0039     5.1097     0.0000     0.0000     0.0000     9.1090    -0.0140     0.0095     0.0000     0.0000    20.9837    -0.0139     1.6054     0.8016     0.8019    -0.5887    13.5002    13.5002     0.0000     0.0000     0.0000     0.000
     38   -36.7491      1.000    826.000    989.000      1.114     7.9186   -43.1425    41.9675     0.2500     2.0000   290.0035     4.0100     0.0010     0.0039     5.1097     0.0000    -0.0003     0.0000     9.1090    -0.0140     0.0095     0.0000     0.0000    20.9837    -0.0139     1.6092     0.8032     0.8034    -0.5910    13.5002    13.5002     0.0000     0.0000     0.0000     0.000
     39   -36.8389      1.000    818.000    972.000      1.095     7.9186   -43.1425    41.9675     0.2500     2.0000   290.0035     4.0100     0.0007     0.0039     5.1097     0.0003     0.0000    -0.0006     9.1090    -0.0140     0.0095     0.0000     0.0000    20.9837    -0.0139     1.6130     0.8048     0.8050    -0.5933    13.5002    13.5002     0.0000     0.0000     0.0000     0.000
     40   -36.9316      1.000    805.000    999.000      1.125     7.9186   -43.1425    41.9675     0.2500     2.0000   290.0035     4.0100     0.0007     0.0039     5.1097     0.0000     0.0000     0.0000     9.1090    -0.0140     0.0095     0.0000     0.0000    20.9837    -0.0139     1.6169     0.8064     0.8066    -0.5956    13.5002    13.5002     0.0000     0.0000     0.0000     0.000
     41   -37.0188      1.000    821.000    903.000      1.017     7.9186   -43.1425    41.9675     0.2500     2.0000   290.0035     4.0100     0.0010     0.0039     5.1097     0.0003     0.0000     0.0000     9.1090    -0.0140     0.0095     0.0000     0.0000    20.9837    -0.0139     1.6206     0.8079     0.8081    -0.5979    13.5002    13.5002     0.0000     0.0000     0.0000     0.000
# Sum of Counts = 126142
# Center of Mass = -35.226693+/-0.140280
# Full Width Half-Maximum = 1.328091+/-0.035737
# 2:54:21 PM  5/8/2018   scan completed.
