# X , Y , E , DX
1
0.000392969,0,0,0
0.000648268,0,0,0
0.000903567,0,0,0
0.00115887,0,0,0
0.00141416,0,0,0
0.00166946,0,0,0
0.00192476,0,0,0.000157686
0.00218006,48.6763,12.1375,0.000317614
0.00243536,46.4434,2.96822,0.000319839
0.00269066,45.7612,1.57732,0.000319959
0.00294596,50.745,1.29063,0.000320239
0.00320126,61.9925,1.48518,0.000320313
0.00345656,72.7263,1.48059,0.000320393
0.00371186,90.8829,1.52123,0.00032035
0.00396715,125.741,1.892,0.000320333
0.00422245,164.463,1.89668,0.000320641
0.00447775,208.94,2.13993,0.000320528
0.00473305,254.563,2.33966,0.000320462
0.00498835,284.879,2.26843,0.000320728
0.00524365,302.384,2.51577,0.000320677
0.00549895,298.489,2.26451,0.0003207
0.00575425,278.742,2.12235,0.000320862
0.00600955,237.163,2.03945,0.000320837
0.00626485,186.908,1.64444,0.000321021
0.00652014,138.158,1.40458,0.000321157
0.00677544,92.0187,1.16979,0.000321123
0.00703074,58.1426,0.861787,0.000321392
0.00728604,38.4164,0.712812,0.000321375
0.00754134,23.7679,0.556902,0.000321311
0.00779664,16.2633,0.430778,0.000321653
0.00805194,11.7718,0.37884,0.000321618
0.00830724,9.51452,0.341242,0.00032161
0.00856254,8.93725,0.323218,0.000321857
0.00881784,8.79628,0.317987,0.000321934
0.00907313,7.5633,0.280512,0.000322243
0.00932843,8.41614,0.296639,0.00032229
0.00958373,8.44712,0.295131,0.000321991
0.00983903,8.35994,0.281251,0.000322283
0.0100943,7.68909,0.270974,0.000322455
0.0103496,7.34467,0.264368,0.000322527
0.0106049,6.97099,0.247282,0.000322922
0.0108602,6.14996,0.235384,0.000323032
0.0111155,5.34764,0.211971,0.00032302
0.0113708,4.86292,0.202175,0.00032335
0.0116261,3.69779,0.173575,0.000323617
0.0118814,3.13236,0.160851,0.000323539
0.0121367,2.57927,0.150708,0.000323593
0.012392,1.89763,0.124469,0.000323714
0.0126473,1.66038,0.111987,0.000324006
0.0129026,1.2974,0.0990484,0.000324145
0.0131579,1.38082,0.101378,0.0003244
0.0134132,1.31627,0.0971596,0.000324844
0.0136685,0.982251,0.0842341,0.000324415
0.0139238,1.29686,0.0973271,0.00032444
0.0141791,1.20035,0.0948253,0.000325016
0.0144344,1.53762,0.106748,0.000324978
0.0146897,1.60885,0.108948,0.000324999
0.014945,1.7196,0.109225,0.000325394
0.0152003,1.52486,0.100164,0.00032578
0.0154556,1.6612,0.102929,0.000325843
0.0157109,1.51951,0.0982767,0.000325736
0.0159662,1.55911,0.100973,0.000326233
0.0162215,1.59839,0.0984616,0.000326415
0.0164768,1.44474,0.0943007,0.000326371
0.0167321,1.4816,0.094417,0.000326807
0.0169874,1.32684,0.0902981,0.000326961
0.0172427,1.13613,0.080969,0.000326946
0.017498,1.10205,0.0817232,0.000327591
0.0177533,0.971709,0.0745028,0.000328001
0.0180086,1.03864,0.0756093,0.000327867
0.0182639,0.733441,0.0637423,0.000328397
0.0185192,0.633546,0.0585161,0.000328698
0.0187745,0.753,0.064124,0.000328814
0.0190298,0.57789,0.0559629,0.000329004
0.0192851,0.489787,0.0498947,0.000329419
0.0195404,0.500596,0.0515939,0.00032935
0.0197957,0.538264,0.0522365,0.000329551
0.020051,0.526871,0.0517203,0.000329783
0.0203063,0.388639,0.044171,0.000329618
0.0205616,0.461135,0.0484832,0.000329805
0.0208169,0.505666,0.0505629,0.000330385
0.0210722,0.411581,0.0457836,0.000330947
0.0213275,0.432163,0.0459273,0.000330721
0.0215828,0.483671,0.0498688,0.000330894
0.0218381,0.510838,0.0489629,0.000331368
0.0220934,0.541323,0.0498308,0.000331522
0.0223487,0.498696,0.0483607,0.000331747
0.022604,0.484313,0.0460833,0.000332278
0.0228593,0.427982,0.0436058,0.000332683
0.0231146,0.478173,0.0484463,0.000333194
0.0233699,0.437601,0.043788,0.000333545
0.0236252,0.409677,0.0428623,0.000333925
0.0238805,0.402297,0.0433628,0.000333982
0.0241358,0.454058,0.0442104,0.000334073
0.0243911,0.358251,0.039633,0.000334514
0.0246464,0.352144,0.039605,0.000334591
0.0249017,0.38607,0.03983,0.000335171
0.025157,0.403996,0.0415173,0.0003357
0.0254123,0.42651,0.0421924,0.000336049
0.0256676,0.356263,0.038247,0.00033593
0.0259229,0.412261,0.0415329,0.00033584
0.0261782,0.406099,0.0387976,0.000336594
0.0264335,0.37462,0.0404901,0.000337233
0.0266888,0.438219,0.0389899,0.000337299
0.0269441,0.369192,0.0379416,0.000337425
0.0271994,0.420814,0.0400328,0.000337775
0.0274547,0.408387,0.0387324,0.000338095
0.02771,0.39818,0.0384448,0.000338449
0.0279653,0.354251,0.0375266,0.000338171
0.0282206,0.339578,0.0361617,0.00033841
0.0284759,0.270075,0.0328327,0.00033908
0.0287312,0.375207,0.0369838,0.000339393
0.0289865,0.318446,0.0338821,0.000340167
0.0292418,0.309465,0.0332061,0.000340505
0.0294971,0.223395,0.028692,0.000340593
0.0297524,0.305577,0.0341319,0.000340759
0.0300077,0.29578,0.0334677,0.000341031
0.030263,0.335339,0.0347957,0.000341636
0.0305183,0.228006,0.0298318,0.000342067
0.0307735,0.277841,0.0332026,0.000342784
0.0310288,0.272729,0.0311025,0.000343302
0.0312841,0.255995,0.0295865,0.00034343
0.0315394,0.233451,0.0313499,0.000343659
0.0317947,0.250514,0.0316959,0.000344217
0.03205,0.293218,0.0333777,0.000344732
0.0323053,0.220173,0.0291904,0.000345081
0.0325606,0.289919,0.0340069,0.000345044
0.0328159,0.240908,0.0330451,0.000345395
0.0330712,0.281059,0.0340185,0.000345916
0.0333265,0.256505,0.0331136,0.00034638
0.0335818,0.235695,0.0319937,0.000347318
0.0338371,0.2407,0.0327264,0.000347646
0.0340924,0.224747,0.0328336,0.000347534
0.0343477,0.219944,0.0348442,0.000347834
0.034603,0.259086,0.0356801,0.000348173
0.0348583,0.217933,0.0348642,0.000348308
0.0351136,0.294332,0.0374486,0.000348737
0.0353689,0.262741,0.0381369,0.000349206
0.0356242,0.176607,0.0332078,0.000349459
0.0358795,0.267726,0.0413337,0.00034963
0.0361348,0.217174,0.0386838,0.000350495
0.0363901,0.221946,0.0368114,0.000351543
0.0366454,0.268302,0.042692,0.000352423
0.0369007,0.167845,0.0372674,0.000352684
0.037156,0.151783,0.0389099,0.000352743
0.0374113,0.248817,0.0456589,0.000353753
0.0376666,0.274778,0.0477344,0.000354323
0.0379219,0.157881,0.0387196,0.000354019
0.0381772,0.248896,0.0457484,0.000354055
0.0384325,0.203901,0.0394591,0.000354464
0.0386878,0.189101,0.0454315,0.000354279
0.0389431,0.263983,0.0514245,0.000354766
0.0391984,0.237583,0.0480962,0.000356424
0.0394537,0.0848829,0.0384883,0.000356029
0.039709,0.346193,0.0606519,0.000356011
0.0399643,0.196035,0.0500006,0.000357261
0.0402196,0.199933,0.0520131,0.000358205
0.0404749,0.166363,0.0478231,0.000358699
0.0407302,0.247932,0.0514077,0.000359097
0.0409855,0.159561,0.0468138,0.000359763
0.0412408,0.288973,0.0599533,0.000360833
0.0414961,0.219619,0.053374,0.000361609
0.0417514,0.303057,0.0664359,0.000361977
0.0420067,0.225016,0.0618722,0.00036144
0.042262,0.118305,0.0555517,0.000361342
0.0425173,0.231573,0.0659264,0.000362796
0.0427726,0.209293,0.0576218,0.000362629
0.0430279,0.118339,0.0655977,0.000362659
0.0432832,0.252772,0.0754904,0.000363892
0.0435385,0.195631,0.076018,0.000364535
0.0437938,0.197446,0.070353,0.000365363
0.0440491,0.189135,0.0815881,0.000365955
0.0443044,0.0824907,0.0647944,0.000366601
0.0445597,0.241758,0.10383,0.00036798
0.044815,0.172539,0.0891499,0.00036703
0.0450703,0.150333,0.100642,0.000366915
0.0453256,0.276659,0.108717,0.000368761
0.0455809,0.210524,0.101542,0.000370393
0.0458362,0.185113,0.0902208,0.000371345
0.0460915,0.0783529,0.089891,0.000372741
0.0463468,0.232494,0.143395,0.000371746
0.0466021,0.314617,0.194667,0.000371115
0.0468574,0.248341,0.357286,0.000369129
0.0471127,0.192589,0.204376,0.000371095
0.047368,0.23989,0.150154,0.000188408
0.0476233,-0.00812055,0.0152965,0.000188937
0.0478786,0.121183,0.130906,0.000188937
0.0481339,-0.00551785,0.0193942,0
0.0483892,-0.00751591,0.0184597,0.000189699
0.0486445,1.62897,1.2,0.000189699
0.0488998,-0.010331,0.0357033,0
0.0491551,-0.00995384,0.0341161,0
0.0494104,0,0,0
0.0496657,0,0,0
0.049921,0,0,0
0.0501763,0,0,0
0.0504316,0,0,0
0.0506869,0,0,0
0.0509422,0,0,0
0.0511975,0,0,0
