0     redo  0    
2.641 10/17 2.642
2.646       2.649
2.755       2.758
2.733       2.748
2.713       2.710
2.641       2.640
2.685       2.688
2.737       2.740
2.685       2.683
2.752       2.750
2.628       2.628
2.696       2.695
2.644       2.649
2.793       2.795
2.651       2.649
2.711       2.711
2.728       2.730
2.703       2.706
2.665       2.665
2.731       2.726
2.682       2.687
2.666       2.672
2.708       2.705
2.657       2.657
2.701       2.699
2.758       2.757
2.655       2.655
2.727       2.720
2.712       2.709
2.713       2.708
2.646       2.640
2.716       2.710
2.650       2.650
2.728       2.728
2.669       2.665
2.748       2.745
2.710       2.710
2.710       2.690
2.680       2.680
2.639       2.637
2.738       2.725
2.699       2.699
2.665       2.625
            
        




