# scan = 32
# date = 8/17/2016
# time = 5:10:36 PM
# proposal = IPTS-16819
# experiment = Investing the magnetic structure and moment of BaFe4O7 and K-doped
# experiment_number = 500
# command = scanon
# builtin_command = scanon
# users = Hans-Conrad Zur Loye
# local_contact = Stuart Calder
# scan_title = changed to K-doped
# monochromator = 
# analyzer = 
# sense = -+-
# collimation = 48-40-40-120
# samplename = BaFe4O7 and K1.15Ba0.43Fe2O7
# sampletype = powder
# samplemosaic = 30.000000
# latticeconstants = 5.000000,5.000000,5.000000,90.000000,90.000000,90.000000
# ubmatrix = 0.000000,0.000000,0.000000,0.000000,0.000000,0.000000,0.000000,0.000000,0.000000
# mode = 3
# ubconf = C:\SPICE\User\exp500\UBConf\UB15Aug2016_102130AM.ini
# def_x = slit_bt
# def_y = anode4
# col_headers = 
#   Pt.         m1       marc     mtrans   coltrans     colrot       coll     2theta   pgfilter  colltrans         s1        sgl        sgu    slit_bt    slit_lf    slit_rt    slit_tp        stl        stu furnace_setpoint furnace_ramp furnace_temp       time    monitor   detector     anode1     anode2     anode3     anode4     anode5     anode6     anode7     anode8     anode9    anode10    anode11    anode12    anode13    anode14    anode15    anode16    anode17    anode18    anode19    anode20    anode21    anode22    anode23    anode24    anode25    anode26    anode27    anode28    anode29    anode30    anode31    anode32    anode33    anode34    anode35    anode36    anode37    anode38    anode39    anode40    anode41    anode42    anode43    anode44
      1     0.0000     0.0000    -0.0310     0.0000    -0.8000     0.0000     9.8000   -80.0000   -80.0000     0.0005     0.0403    -0.8000     5.0000     5.5000     5.5000    15.0000    -1.0055     1.5000    75.0000     1.0000    73.316      5.000   4434.000   6398.000     13.000    131.000     14.000     14.000    257.000     55.000     16.000     15.000     17.000     16.000     89.000     29.000     21.000     26.000     19.000     26.000     62.000     18.000     11.000     46.000     51.000     10.000     19.000     17.000     41.000     16.000     17.000     33.000     23.000     17.000     15.000     18.000     74.000     40.000     14.000     28.000     26.000     48.000     16.000     27.000     34.000     21.000     17.000   4881.000
      2     0.0000     0.0000    -0.0310     0.0000    -0.8000     0.0000     9.8000   -80.0000   -80.0000     0.0005     0.0403    -0.8000     6.0000     5.5000     5.5000    15.0000    -1.0055     1.5000    75.0000     1.0000    73.337      5.000   4478.000   6384.000     16.000    130.000     15.000     20.000    270.000     54.000     18.000     10.000     16.000     26.000    103.000     25.000     34.000     13.000     15.000     20.000     38.000     28.000     16.000     46.000     46.000     17.000     24.000     18.000     36.000     12.000     18.000     31.000     27.000     18.000     10.000     17.000     80.000     34.000     16.000     31.000     13.000     53.000      9.000     27.000     27.000     29.000     17.000   4861.000
      3     0.0000     0.0000    -0.0310     0.0000    -0.8000     0.0000     9.8000   -80.0000   -80.0000     0.0005     0.0403    -0.8000     7.0000     5.5000     5.5000    15.0000    -1.0055     1.5000    75.0000     1.0000    73.422      5.000   4511.000   6532.000     23.000    158.000     18.000     15.000    298.000     49.000     14.000     14.000     20.000     16.000    114.000     25.000     25.000     14.000     19.000     28.000     58.000     29.000     13.000     64.000     51.000      9.000     20.000     19.000     32.000     23.000     16.000     42.000     20.000     27.000     16.000     12.000     97.000     50.000     18.000     29.000     20.000     52.000     16.000     33.000     33.000     22.000     21.000   4840.000
      4     0.0000     0.0000    -0.0310     0.0000    -0.8000     0.0000     9.8000   -80.0000   -80.0000     0.0005     0.0403    -0.8000     8.0000     5.5000     5.5000    15.0000    -1.0055     1.5000    75.0000     1.0000    73.505      5.000   4500.000   6703.000     19.000    147.000     34.000     14.000    276.000     76.000     18.000     12.000     21.000     26.000    122.000     28.000     15.000     24.000     26.000     37.000     53.000     25.000     23.000     45.000     64.000     18.000     15.000     20.000     28.000     18.000     18.000     38.000     14.000     18.000     18.000     20.000     84.000     40.000     16.000     41.000     17.000     56.000     17.000     33.000     24.000     38.000     26.000   4981.000
      5     0.0000     0.0000    -0.0310     0.0000    -0.8000     0.0000     9.8000   -80.0000   -80.0000     0.0005     0.0403    -0.8000     9.0000     5.5000     5.5000    15.0000    -1.0055     1.5000    75.0000     1.0000    73.597      5.000   4384.000   6919.000     21.000    170.000     23.000     24.000    318.000     57.000     15.000     14.000     21.000     26.000    104.000     27.000     26.000     21.000     31.000     22.000     52.000     27.000     23.000     46.000     82.000     14.000     28.000     20.000     43.000     15.000     20.000     39.000     20.000     31.000     12.000     24.000    119.000     47.000     25.000     24.000     29.000     51.000     29.000     41.000     36.000     20.000     22.000   5060.000
      6     0.0000     0.0000    -0.0310     0.0000    -0.8000     0.0000     9.8000   -80.0000   -80.0000     0.0005     0.0403    -0.8000    10.0000     5.5000     5.5000    15.0000    -1.0055     1.5000    75.0000     1.0000    73.718      5.000   4458.000   6675.000     20.000    175.000     19.000     18.000    289.000     60.000     22.000     19.000     17.000     17.000    123.000     28.000     27.000     26.000     23.000     21.000     50.000     39.000     22.000     59.000     67.000     17.000     18.000     31.000     25.000     19.000     11.000     45.000     21.000     21.000     18.000     23.000    101.000     34.000     22.000     38.000     16.000     60.000     29.000     42.000     39.000     25.000     18.000   4861.000
      7     0.0000     0.0000    -0.0310     0.0000    -0.8000     0.0000     9.8000   -80.0000   -80.0000     0.0005     0.0403    -0.8000    11.0000     5.5000     5.5000    15.0000    -1.0055     1.5000    75.0000     1.0000    73.862      5.000   4508.000   6927.000     21.000    200.000     17.000     18.000    330.000     54.000     17.000     16.000     17.000     18.000    131.000     21.000     46.000     21.000     18.000     26.000     62.000     21.000     16.000     54.000     57.000     20.000     16.000     26.000     37.000     16.000     21.000     47.000     27.000     27.000     25.000     18.000     94.000     43.000     26.000     49.000     17.000     63.000     23.000     41.000     42.000     23.000     25.000   5020.000
      8     0.0000     0.0000    -0.0310     0.0000    -0.8000     0.0000     9.8000   -80.0000   -80.0000     0.0005     0.0403    -0.8000    12.0000     5.5000     5.5000    15.0000    -1.0055     1.5000    75.0000     1.0000    74.009      5.000   4421.000   6992.000     22.000    156.000     16.000     28.000    295.000     75.000     15.000     21.000     13.000     26.000    135.000     24.000     27.000     16.000     17.000     33.000     51.000     30.000     27.000     48.000     83.000     20.000     32.000     23.000     46.000     20.000     23.000     43.000     20.000     28.000     20.000     26.000    136.000     53.000     23.000     44.000     23.000     52.000     19.000     34.000     40.000     16.000     33.000   5060.000
      9     0.0000     0.0000    -0.0310     0.0000    -0.8000     0.0000     9.8000   -80.0000   -80.0000     0.0005     0.0403    -0.8000    13.0000     5.5000     5.5000    15.0000    -1.0055     1.5000    75.0000     1.0000    74.332      5.000   4422.000   6992.000     26.000    178.000     19.000     26.000    308.000     65.000     24.000     11.000     19.000     33.000    117.000     34.000     38.000     20.000     34.000     34.000     57.000     20.000     17.000     41.000     64.000     17.000     23.000     17.000     45.000     26.000     24.000     51.000     28.000     26.000     19.000     23.000    105.000     44.000     18.000     37.000     17.000     66.000     20.000     41.000     40.000     32.000     28.000   5060.000
     10     0.0000     0.0000    -0.0310     0.0000    -0.8000     0.0000     9.8000   -80.0000   -80.0000     0.0005     0.0403    -0.8000    14.0000     5.5000     5.5000    15.0000    -1.0055     1.5000    75.0000     1.0000    74.495      5.000   4400.000   7056.000     20.000    184.000     27.000     20.000    331.000     65.000     20.000     21.000     15.000     33.000    130.000     38.000     38.000     26.000     20.000     26.000     57.000     37.000     20.000     55.000     72.000     22.000     20.000     21.000     39.000     26.000     19.000     44.000     18.000     26.000     28.000     28.000    113.000     34.000     12.000     34.000     19.000     60.000     33.000     42.000     43.000     30.000     30.000   5060.000
     11     0.0000     0.0000    -0.0310     0.0000    -0.8000     0.0000     9.8000   -80.0000   -80.0000     0.0005     0.0403    -0.8000    15.0000     5.5000     5.5000    15.0000    -1.0055     1.5000    75.0000     1.0000    74.741      5.000   4480.000   6967.000     18.000    180.000     22.000     19.000    305.000     59.000     24.000     22.000     18.000     28.000    129.000     30.000     29.000     13.000     25.000     42.000     42.000     36.000     17.000     66.000     67.000     17.000     18.000     27.000     38.000     19.000     21.000     64.000     22.000     24.000     19.000     31.000     90.000     43.000     24.000     32.000     27.000     46.000     24.000     39.000     39.000     20.000     32.000   5060.000
     12     0.0000     0.0000    -0.0310     0.0000    -0.8000     0.0000     9.8000   -80.0000   -80.0000     0.0005     0.0403    -0.8000    16.0000     5.5000     5.5000    15.0000    -1.0055     1.5000    75.0000     1.0000    74.896      5.000   4429.000   7067.000     19.000    179.000     20.000     31.000    322.000     60.000     26.000     19.000     24.000     24.000    111.000     32.000     28.000     20.000     28.000     33.000     66.000     31.000     19.000     57.000     69.000     28.000     23.000     32.000     36.000     20.000     23.000     41.000     36.000     22.000     25.000     21.000    105.000     55.000     21.000     43.000     26.000     63.000     33.000     45.000     33.000     26.000     32.000   5060.000
     13     0.0000     0.0000    -0.0310     0.0000    -0.8000     0.0000     9.8000   -80.0000   -80.0000     0.0005     0.0403    -0.8000    17.0000     5.5000     5.5000    15.0000    -1.0055     1.5000    75.0000     1.0000    75.032      5.000   4425.000   6690.000     19.000    152.000     10.000     20.000    297.000     61.000     25.000     12.000     21.000     33.000    129.000     25.000     38.000     25.000     20.000     25.000     59.000     38.000     29.000     56.000     55.000     21.000     19.000     19.000     32.000     17.000     23.000     30.000     22.000     20.000     16.000     17.000    104.000     54.000     21.000     40.000     29.000     56.000     21.000     40.000     36.000     20.000     24.000   4860.000
     14     0.0000     0.0000    -0.0310     0.0000    -0.8000     0.0000     9.8000   -80.0000   -80.0000     0.0005     0.0403    -0.8000    18.0000     5.5000     5.5000    15.0000    -1.0055     1.5000    75.0000     1.0000    75.192      5.000   4473.000   6943.000     18.000    171.000     21.000     20.000    305.000     66.000     20.000     12.000     19.000     19.000    140.000     30.000     31.000     32.000     26.000     31.000     68.000     29.000     17.000     55.000     71.000     11.000     20.000     23.000     37.000     21.000     21.000     35.000     21.000     20.000     16.000     26.000    104.000     55.000     25.000     38.000     28.000     44.000     18.000     36.000     35.000     27.000     22.000   5059.000
     15     0.0000     0.0000    -0.0310     0.0000    -0.8000     0.0000     9.8000   -80.0000   -80.0000     0.0005     0.0403    -0.8000    19.0000     5.5000     5.5000    15.0000    -1.0055     1.5000    75.0000     1.0000    75.334      5.000   4606.000   6707.000     25.000    148.000     16.000     29.000    314.000     64.000     21.000     24.000     16.000     23.000    112.000     30.000     27.000     21.000     22.000     22.000     61.000     39.000     23.000     47.000     66.000     22.000     11.000     23.000     45.000     21.000     20.000     45.000     24.000     23.000     17.000     21.000    107.000     52.000     23.000     35.000     21.000     53.000     18.000     37.000     32.000     25.000     22.000   4860.000
     16     0.0000     0.0000    -0.0310     0.0000    -0.8000     0.0000     9.8000   -80.0000   -80.0000     0.0005     0.0403    -0.8000    20.0000     5.5000     5.5000    15.0000    -1.0055     1.5000    75.0000     1.0000    75.466      5.000   4499.000   6650.000     11.000    177.000     23.000     18.000    305.000     54.000     23.000     11.000     17.000     28.000    113.000     25.000     24.000     21.000     32.000     31.000     65.000     41.000     19.000     58.000     68.000     17.000     16.000     27.000     33.000     27.000     21.000     55.000     21.000     11.000     18.000     18.000    101.000     47.000     14.000     33.000     22.000     46.000     14.000     31.000     36.000     14.000     23.000   4841.000
     17     0.0000     0.0000    -0.0310     0.0000    -0.8000     0.0000     9.8000   -80.0000   -80.0000     0.0005     0.0403    -0.8000    21.0000     5.5000     5.5000    15.0000    -1.0055     1.5000    75.0000     1.0000    75.600      5.000   4479.000   7076.000     24.000    175.000     26.000     25.000    350.000     70.000     19.000     19.000     17.000     33.000    140.000     31.000     37.000     29.000     25.000     28.000     70.000     33.000     17.000     51.000     77.000     29.000     22.000     27.000     48.000     17.000     20.000     51.000     12.000     29.000     21.000     17.000     84.000     47.000     16.000     43.000     36.000     60.000     20.000     32.000     36.000     23.000     30.000   5060.000
     18     0.0000     0.0000    -0.0310     0.0000    -0.8000     0.0000     9.8000   -80.0000   -80.0000     0.0005     0.0403    -0.8000    22.0000     5.5000     5.5000    15.0000    -1.0055     1.5000    75.0000     1.0000    75.712      5.000   4568.000   7030.000     19.000    205.000     23.000     22.000    316.000     73.000     18.000     18.000     14.000     35.000    140.000     23.000     27.000     21.000     27.000     36.000     58.000     36.000     25.000     51.000     61.000     24.000     27.000     18.000     42.000     27.000     22.000     37.000     23.000     24.000     15.000     25.000     91.000     44.000     22.000     40.000     21.000     70.000     37.000     30.000     42.000     16.000     25.000   5060.000
     19     0.0000     0.0000    -0.0310     0.0000    -0.8000     0.0000     9.8000   -80.0000   -80.0000     0.0005     0.0403    -0.8000    23.0000     5.5000     5.5000    15.0000    -1.0055     1.5000    75.0000     1.0000    75.802      5.000   4418.000   6868.000     21.000    184.000     18.000     19.000    322.000     78.000     26.000     23.000     13.000     31.000    135.000     34.000     32.000     32.000     32.000     30.000     82.000     40.000     22.000     41.000     66.000     21.000     28.000     14.000     37.000     20.000     22.000     32.000     22.000     17.000     26.000     33.000     90.000     46.000     17.000     40.000     25.000     54.000     21.000     46.000     30.000     21.000     25.000   4900.000
     20     0.0000     0.0000    -0.0310     0.0000    -0.8000     0.0000     9.8000   -80.0000   -80.0000     0.0005     0.0403    -0.8000    24.0000     5.5000     5.5000    15.0000    -1.0055     1.5000    75.0000     1.0000    75.897      5.000   4589.000   6754.000     20.000    167.000     16.000     20.000    330.000     54.000     19.000     13.000     23.000     31.000    142.000     33.000     26.000     27.000     31.000     23.000     49.000     26.000     28.000     66.000     71.000     14.000     19.000     30.000     25.000     18.000     20.000     36.000     23.000     27.000     14.000     14.000    103.000     51.000     10.000     41.000     23.000     59.000     27.000     37.000     36.000     21.000     31.000   4860.000
     21     0.0000     0.0000    -0.0310     0.0000    -0.8000     0.0000     9.8000   -80.0000   -80.0000     0.0005     0.0403    -0.8000    25.0000     5.5000     5.5000    15.0000    -1.0055     1.5000    75.0000     1.0000    76.004      5.000   4514.000   7026.000     20.000    169.000     21.000     22.000    336.000     60.000     18.000     17.000     21.000     33.000    128.000     41.000     41.000     20.000     22.000     28.000     51.000     40.000     20.000     56.000     76.000     22.000     28.000     32.000     35.000     20.000     18.000     51.000     21.000     16.000     16.000     26.000    103.000     42.000     23.000     40.000     17.000     64.000     19.000     33.000     40.000     32.000     28.000   5060.000
# Sum of Counts = 442
# Center of Mass = 15.436652+/-1.074190
# Full Width Half-Maximum = 11.564780+/-0.653951
