# scan = 14
# date = 10/22/2003
# time = 9:17:07 PM
# experiment = Alignment and Intensity Checks
# experiment_number = 41
# command = scan a2 -3.5 4.5 .25
# builtin_command = scan a2 -3.5 4.5 .25
# users = MY
# local_contact = MY
# scan_title = 
# monochromator = PG002
# analyzer = Pg002
# sense = -+-
# collimation = 48-40-40-120
# samplename = Sample with lattice params=2*pi
# sampletype = crystal
# samplemosaic = 30.000000
# latticeconstants = 6.280000,6.280000,6.280000,90.000000,90.000000,90.000000
# ubmatrix = -0.112597,-0.112597,0.000000,0.000000,0.000000,-0.159236,0.112597,-0.112597,0.000000
# mode = 0
# plane_normal = 0.000000,0.000000,1.000000
# ubconf = 
# preset_type = normal 
# preset_channel = time
# preset_value = 1.000000
# def_x = a2
# def_y = detector
# col_headers = 
#   Pt.         a2       time   detector    monitor        mcu         m1         m2         s1         s2        sgl        sgu        stl        stu         a1          q          h          k          l         ei         ef          e       temp    coldtip    tsample
      1    -3.5046      1.000   2881.000    541.000      0.005    51.0520   -41.1660     0.0002    -0.6949    -0.0055     0.0000     0.0000    -0.0010    90.0000    27.9588    -0.2626    -0.2625   -27.9421    14.7002  1943.0536 -1928.3534     0.0000     0.0000     0.000
      2    -3.2520      1.000   4378.000    522.000      0.005    51.0520   -41.1660     0.0002    -0.6949    -0.0055     0.0000     0.0000    -0.0010    90.0000    30.3375    -0.2830    -0.2829   -30.3195    14.7002  2256.6484 -2241.9482     0.0000     0.0000     0.000
      3    -2.9993      1.000   6948.000    561.000      0.005    51.0520   -41.1660     0.0002    -0.6949    -0.0055     0.0000     0.0000    -0.0010    90.0000    33.1170    -0.3068    -0.3067   -33.0974    14.7002  2652.8007 -2638.1005     0.0000     0.0000     0.000
      4    -2.7521      1.000   9820.000    563.000      0.005    51.0520   -41.1660     0.0002    -0.6949    -0.0055     0.0000     0.0000    -0.0010    90.0000    36.3301    -0.3343    -0.3343   -36.3086    14.7002  3150.6400 -3135.9398     0.0000     0.0000     0.000
      5    -2.4994      1.000  14355.000    538.000      0.005    51.0520   -41.1660     0.0002    -0.6949    -0.0055     0.0000     0.0000    -0.0010    90.0000    40.2716    -0.3681    -0.3681   -40.2478    14.7002  3819.7665 -3805.0663     0.0000     0.0000     0.000
      6    -2.2522      1.000  19952.000    551.000      0.005    51.0520   -41.1660     0.0002    -0.6949    -0.0055     0.0000     0.0000    -0.0010    90.0000    44.9833    -0.4085    -0.4085   -44.9567    14.7002  4704.1261 -4689.4259     0.0000     0.0000     0.000
      7    -2.0023      1.000  26013.000    524.000      0.005    51.0520   -41.1660     0.0002    -0.6949    -0.0055     0.0000     0.0000    -0.0010    90.0000    50.9302    -0.4595    -0.4594   -50.9002    14.7002  5951.6843 -5936.9841     0.0000     0.0000     0.000
      8    -1.7523      1.000  31796.000    548.000      0.005    51.0520   -41.1660     0.0002    -0.6949    -0.0055     0.0000     0.0000    -0.0010    90.0000    58.5737    -0.5251    -0.5250   -58.5393    14.7002  7770.3977 -7755.6975     0.0000     0.0000     0.000
      9    -1.4996      1.000  38222.000    491.000      0.004    51.0520   -41.1660     0.0002    -0.6949    -0.0055     0.0000     0.0000    -0.0010    90.0000    68.8912    -0.6135    -0.6134   -68.8508    14.7002 10609.3866 -10594.6864     0.0000     0.0000     0.000
     10    -1.2524      1.000  44809.000    520.000      0.005    51.0520   -41.1660     0.0002    -0.6949    -0.0055     0.0000     0.0000    -0.0010    90.0000    83.0131    -0.7346    -0.7345   -82.9645    14.7002 15210.3214 -15195.6213     0.0000     0.0000     0.000
     11    -0.9998      1.000  51844.000    514.000      0.004    51.0520   -41.1660     0.0002    -0.6949    -0.0055     0.0000     0.0000    -0.0010    90.0000   104.6668    -0.9203    -0.9201  -104.6057    14.7002 23870.3652 -23855.6650     0.0000     0.0000     0.000
     12    -0.7498      1.000  59071.000    548.000      0.005    51.0520   -41.1660     0.0002    -0.6949    -0.0055     0.0000     0.0000    -0.0010    90.0000   140.4427    -1.2271    -1.2268  -140.3608    14.7002 42435.7381 -42421.0380     0.0000     0.0000     0.000
     13    -0.4999      1.000  65210.000    551.000      0.005    51.0520   -41.1660     0.0002    -0.6949    -0.0055     0.0000     0.0000    -0.0010    90.0000   211.9949    -1.8406    -1.8402  -211.8715    14.7002 95479.6736 -95464.9735     0.0000     0.0000     0.000
     14    -0.2527      1.000  70162.000    521.000      0.005    51.0520   -41.1660     0.0002    -0.6949    -0.0055     0.0000     0.0000    -0.0010    90.0000   421.9858    -3.6412    -3.6405  -421.7404    14.7002 373659.7010 -373645.0008     0.0000     0.0000     0.000
     15     0.0000      1.000  72709.000    534.000      0.005    51.0520   -41.1660     0.0002    -0.6949    -0.0055     0.0000     0.0000    -0.0010    90.0000     0.0323    -0.0228    -0.0228     0.0002    14.7002    14.7002     0.0000     0.0000     0.0000     0.000
     16     0.2472      1.000  71885.000    581.000      0.005    51.0520   -41.1660     0.0002    -0.6949    -0.0055     0.0000     0.0000    -0.0010    90.0000   431.4219    -3.7221    -3.7214  -431.1710    14.7002 390450.3184 -390435.6182     0.0000     0.0000     0.000
     17     0.5026      1.000  69996.000    491.000      0.004    51.0520   -41.1660     0.0002    -0.6949    -0.0055     0.0000     0.0000    -0.0010    90.0000   210.8218    -1.8305    -1.8302  -210.6990    14.7002 94438.9199 -94424.2197     0.0000     0.0000     0.000
     18     0.7498      1.000  67580.000    556.000      0.005    51.0520   -41.1660     0.0002    -0.6949    -0.0055     0.0000     0.0000    -0.0010    90.0000   140.4427    -1.2271    -1.2268  -140.3607    14.7002 42435.7028 -42421.0026     0.0000     0.0000     0.000
     19     1.0025      1.000  64577.000    546.000      0.005    51.0520   -41.1660     0.0002    -0.6949    -0.0055     0.0000     0.0000    -0.0010    90.0000   104.3727    -0.9178    -0.9176  -104.3117    14.7002 23739.7363 -23725.0362     0.0000     0.0000     0.000
     20     1.2497      1.000  60183.000    515.000      0.004    51.0520   -41.1660     0.0002    -0.6949    -0.0055     0.0000     0.0000    -0.0010    90.0000    83.2014    -0.7362    -0.7361   -83.1527    14.7002 15277.2432 -15262.5430     0.0000     0.0000     0.000
     21     1.4996      1.000  55832.000    537.000      0.005    51.0520   -41.1660     0.0002    -0.6949    -0.0055     0.0000     0.0000    -0.0010    90.0000    68.8912    -0.6135    -0.6134   -68.8508    14.7002 10609.3821 -10594.6820     0.0000     0.0000     0.000
     22     1.7496      1.000  50604.000    565.000      0.005    51.0520   -41.1660     0.0002    -0.6949    -0.0055     0.0000     0.0000    -0.0010    90.0000    58.6698    -0.5259    -0.5258   -58.6353    14.7002  7794.8090 -7780.1089     0.0000     0.0000     0.000
     23     1.9968      1.000  44908.000    539.000      0.005    51.0520   -41.1660     0.0002    -0.6949    -0.0055     0.0000     0.0000    -0.0010    90.0000    51.0776    -0.4608    -0.4607   -51.0475    14.7002  5984.4707 -5969.7705     0.0000     0.0000     0.000
     24     2.2467      1.000  38967.000    500.000      0.004    51.0520   -41.1660     0.0002    -0.6949    -0.0055     0.0000     0.0000    -0.0010    90.0000    45.0997    -0.4095    -0.4095   -45.0732    14.7002  4727.1530 -4712.4528     0.0000     0.0000     0.000
     25     2.4966      1.000  33244.000    505.000      0.004    51.0520   -41.1660     0.0002    -0.6949    -0.0055     0.0000     0.0000    -0.0010    90.0000    40.3188    -0.3685    -0.3685   -40.2950    14.7002  3828.1732 -3813.4730     0.0000     0.0000     0.000
     26     2.7438      1.000  27375.000    505.000      0.004    51.0520   -41.1660     0.0002    -0.6949    -0.0055     0.0000     0.0000    -0.0010    90.0000    36.4472    -0.3353    -0.3353   -36.4256    14.7002  3169.5868 -3154.8866     0.0000     0.0000     0.000
     27     2.9993      1.000  22056.000    519.000      0.005    51.0520   -41.1660     0.0002    -0.6949    -0.0055     0.0000     0.0000    -0.0010    90.0000    33.1170    -0.3068    -0.3067   -33.0974    14.7002  2652.8001 -2638.0999     0.0000     0.0000     0.000
     28     3.2492      1.000  16905.000    520.000      0.005    51.0520   -41.1660     0.0002    -0.6949    -0.0055     0.0000     0.0000    -0.0010    90.0000    30.3654    -0.2832    -0.2831   -30.3473    14.7002  2260.4637 -2245.7635     0.0000     0.0000     0.000
     29     3.5019      1.000  11438.000    542.000      0.005    51.0520   -41.1660     0.0002    -0.6949    -0.0055     0.0000     0.0000    -0.0010    90.0000    27.9828    -0.2628    -0.2627   -27.9661    14.7002  1946.1014 -1931.4012     0.0000     0.0000     0.000
     30     3.7463      1.000   7671.000    574.000      0.005    51.0520   -41.1660     0.0002    -0.6949    -0.0055     0.0000     0.0000    -0.0010    90.0000    25.9838    -0.2456    -0.2456   -25.9683    14.7002  1700.5000 -1685.7998     0.0000     0.0000     0.000
     31     4.0018      1.000   4647.000    487.000      0.004    51.0520   -41.1660     0.0002    -0.6949    -0.0055     0.0000     0.0000    -0.0010    90.0000    24.1559    -0.2300    -0.2299   -24.1415    14.7002  1490.4180 -1475.7178     0.0000     0.0000     0.000
     32     4.2435      1.000   2731.000    502.000      0.004    51.0520   -41.1660     0.0002    -0.6949    -0.0055     0.0000     0.0000    -0.0010    90.0000    22.6290    -0.2169    -0.2168   -22.6155    14.7002  1325.5381 -1310.8379     0.0000     0.0000     0.000
     33     4.4989      1.000   1369.000    490.000      0.004    51.0520   -41.1660     0.0002    -0.6949    -0.0055     0.0000     0.0000    -0.0010    90.0000    21.1937    -0.2046    -0.2045   -21.1810    14.7002  1179.3589 -1164.6588     0.0000     0.0000     0.000
# Sum of Counts = 1170138
# Center of Mass = 0.390273+/-0.001509
# Full Width Half-Maximum = 3.071483+/-0.002713
# 9:18:35 PM  10/22/2003   scan completed.
