# scan = 19
# date = 10/22/2003
# time = 9:42:09 PM
# experiment = Alignment and Intensity Checks
# experiment_number = 41
# command = scan s2 53.390000 57.440000 0.101250
# builtin_command = scan s2 53.390000 57.440000 0.101250
# users = MY
# local_contact = MY
# scan_title = Ni Powder (2,0,0)
# monochromator = PG002
# analyzer = Pg002
# sense = -+-
# collimation = 48-40-40-120
# samplename = Sample with lattice params=2*pi
# sampletype = crystal
# samplemosaic = 30.000000
# latticeconstants = 6.280000,6.280000,6.280000,90.000000,90.000000,90.000000
# ubmatrix = -0.112597,-0.112597,0.000000,0.000000,0.000000,-0.159236,0.112597,-0.112597,0.000000
# mode = 0
# plane_normal = 0.000000,0.000000,1.000000
# ubconf = 
# preset_type = normal 
# preset_channel = time
# preset_value = 1.000000
# def_x = s2
# def_y = detector
# col_headers = 
#   Pt.         s2       time   detector    monitor        mcu         m1         m2         s1        sgl        sgu        stl        stu         a1         a2          q          h          k          l         ei         ef          e       temp    coldtip    tsample
      1    53.3908      1.000   3740.000 105718.000      0.919    51.0520   -28.2535     0.0002    -0.0055     0.0000     0.0000    -0.0010    90.0000     0.0577  1858.0693  1055.5193  1055.3167 -1105.0374    30.5008 7171457.2984 -7171426.7976     0.0000     0.0000     0.000
      2    53.4897      1.000   3707.000 105600.000      0.918    51.0520   -28.2535     0.0002    -0.0055     0.0000     0.0000    -0.0010    90.0000     0.0577  1858.0747  1056.8710  1056.6681 -1102.4600    30.5008 7171457.2984 -7171426.7976     0.0000     0.0000     0.000
      3    53.5941      1.000   3786.000 105857.000      0.920    51.0520   -28.2535     0.0002    -0.0055     0.0000     0.0000    -0.0010    90.0000     0.0577  1858.0803  1058.2944  1058.0912 -1099.7358    30.5008 7171457.2984 -7171426.7976     0.0000     0.0000     0.000
      4    53.6929      1.000   3973.000 105440.000      0.917    51.0520   -28.2535     0.0002    -0.0055     0.0000     0.0000    -0.0010    90.0000     0.0577  1858.0856  1059.6396  1059.4362 -1097.1515    30.5008 7171457.2984 -7171426.7976     0.0000     0.0000     0.000
      5    53.7946      1.000   3911.000 105717.000      0.919    51.0520   -28.2535     0.0002    -0.0055     0.0000     0.0000    -0.0010    90.0000     0.0577  1858.0911  1061.0189  1060.8152 -1094.4921    30.5008 7171457.2984 -7171426.7976     0.0000     0.0000     0.000
      6    53.8962      1.000   4316.000 105561.000      0.918    51.0520   -28.2535     0.0002    -0.0055     0.0000     0.0000    -0.0010    90.0000     0.0577  1858.0966  1062.3948  1062.1909 -1091.8293    30.5008 7171457.2984 -7171426.7976     0.0000     0.0000     0.000
      7    53.9978      1.000   4819.000 105937.000      0.921    51.0520   -28.2535     0.0002    -0.0055     0.0000     0.0000    -0.0010    90.0000     0.0577  1858.1021  1063.7675  1063.5632 -1089.1629    30.5008 7171457.2984 -7171426.7976     0.0000     0.0000     0.000
      8    54.0994      1.000   5717.000 105757.000      0.920    51.0520   -28.2535     0.0002    -0.0055     0.0000     0.0000    -0.0010    90.0000     0.0577  1858.1077  1065.1367  1064.9322 -1086.4932    30.5008 7171457.2984 -7171426.7976     0.0000     0.0000     0.000
      9    54.1983      1.000   6934.000 105542.000      0.918    51.0520   -28.2535     0.0002    -0.0055     0.0000     0.0000    -0.0010    90.0000     0.0577  1858.1130  1066.4658  1066.2610 -1083.8923    30.5008 7171457.2984 -7171426.7976     0.0000     0.0000     0.000
     10    54.2999      1.000   8534.000 105369.000      0.916    51.0520   -28.2535     0.0002    -0.0055     0.0000     0.0000    -0.0010    90.0000     0.0577  1858.1186  1067.8284  1067.6234 -1081.2158    30.5008 7171457.2984 -7171426.7976     0.0000     0.0000     0.000
     11    54.4016      1.000  10404.000 105411.000      0.917    51.0520   -28.2535     0.0002    -0.0055     0.0000     0.0000    -0.0010    90.0000     0.0577  1858.1241  1069.1877  1068.9824 -1078.5359    30.5008 7171457.2984 -7171426.7976     0.0000     0.0000     0.000
     12    54.5032      1.000  12803.000 105545.000      0.918    51.0520   -28.2535     0.0002    -0.0055     0.0000     0.0000    -0.0010    90.0000     0.0577  1858.1296  1070.5436  1070.3381 -1075.8525    30.5008 7171457.2984 -7171426.7976     0.0000     0.0000     0.000
     13    54.6048      1.000  15220.000 104746.000      0.911    51.0520   -28.2535     0.0002    -0.0055     0.0000     0.0000    -0.0010    90.0000     0.0577  1858.1352  1071.8962  1071.6904 -1073.1658    30.5008 7171457.2984 -7171426.7976     0.0000     0.0000     0.000
     14    54.7092      1.000  17603.000 105348.000      0.916    51.0520   -28.2535     0.0002    -0.0055     0.0000     0.0000    -0.0010    90.0000     0.0577  1858.1409  1073.2818  1073.0757 -1070.4029    30.5008 7171457.2984 -7171426.7976     0.0000     0.0000     0.000
     15    54.8080      1.000  19623.000 105058.000      0.914    51.0520   -28.2535     0.0002    -0.0055     0.0000     0.0000    -0.0010    90.0000     0.0577  1858.1463  1074.5912  1074.3849 -1067.7822    30.5008 7171457.2984 -7171426.7976     0.0000     0.0000     0.000
     16    54.9097      1.000  21292.000 104896.000      0.912    51.0520   -28.2535     0.0002    -0.0055     0.0000     0.0000    -0.0010    90.0000     0.0577  1858.1519  1075.9336  1075.7271 -1065.0853    30.5008 7171457.2984 -7171426.7976     0.0000     0.0000     0.000
     17    55.0085      1.000  22732.000 105149.000      0.914    51.0520   -28.2535     0.0002    -0.0055     0.0000     0.0000    -0.0010    90.0000     0.0577  1858.1573  1077.2365  1077.0297 -1062.4581    30.5008 7171457.2984 -7171426.7976     0.0000     0.0000     0.000
     18    55.1129      1.000  23825.000 105805.000      0.920    51.0520   -28.2535     0.0002    -0.0055     0.0000     0.0000    -0.0010    90.0000     0.0577  1858.1630  1078.6083  1078.4012 -1059.6815    30.5008 7171457.2984 -7171426.7976     0.0000     0.0000     0.000
     19    55.2118      1.000  24540.000 104974.000      0.913    51.0520   -28.2535     0.0002    -0.0055     0.0000     0.0000    -0.0010    90.0000     0.0577  1858.1685  1079.9046  1079.6973 -1057.0478    30.5008 7171457.2984 -7171426.7976     0.0000     0.0000     0.000
     20    55.3134      1.000  25283.000 105069.000      0.914    51.0520   -28.2535     0.0002    -0.0055     0.0000     0.0000    -0.0010    90.0000     0.0577  1858.1741  1081.2336  1081.0260 -1054.3376    30.5008 7171457.2984 -7171426.7976     0.0000     0.0000     0.000
     21    55.4150      1.000  25819.000 105161.000      0.914    51.0520   -28.2535     0.0002    -0.0055     0.0000     0.0000    -0.0010    90.0000     0.0577  1858.1797  1082.5591  1082.3513 -1051.6241    30.5008 7171457.2984 -7171426.7976     0.0000     0.0000     0.000
     22    55.5167      1.000  25252.000 104808.000      0.911    51.0520   -28.2535     0.0002    -0.0055     0.0000     0.0000    -0.0010    90.0000     0.0577  1858.1853  1083.8813  1083.6732 -1048.9073    30.5008 7171457.2984 -7171426.7976     0.0000     0.0000     0.000
     23    55.6183      1.000  25013.000 105155.000      0.914    51.0520   -28.2535     0.0002    -0.0055     0.0000     0.0000    -0.0010    90.0000     0.0577  1858.1909  1085.2000  1084.9917 -1046.1871    30.5008 7171457.2984 -7171426.7976     0.0000     0.0000     0.000
     24    55.7199      1.000  23996.000 105134.000      0.914    51.0520   -28.2535     0.0002    -0.0055     0.0000     0.0000    -0.0010    90.0000     0.0577  1858.1965  1086.5153  1086.3067 -1043.4637    30.5008 7171457.2984 -7171426.7976     0.0000     0.0000     0.000
     25    55.8188      1.000  23111.000 105693.000      0.919    51.0520   -28.2535     0.0002    -0.0055     0.0000     0.0000    -0.0010    90.0000     0.0577  1858.2020  1087.7918  1087.5830 -1040.8107    30.5008 7171457.2984 -7171426.7976     0.0000     0.0000     0.000
     26    55.9204      1.000  21560.000 105366.000      0.916    51.0520   -28.2535     0.0002    -0.0055     0.0000     0.0000    -0.0010    90.0000     0.0577  1858.2077  1089.1004  1088.8913 -1038.0808    30.5008 7171457.2984 -7171426.7976     0.0000     0.0000     0.000
     27    56.0220      1.000  19815.000 105153.000      0.914    51.0520   -28.2535     0.0002    -0.0055     0.0000     0.0000    -0.0010    90.0000     0.0577  1858.2133  1090.4055  1090.1962 -1035.3476    30.5008 7171457.2984 -7171426.7976     0.0000     0.0000     0.000
     28    56.1237      1.000  17434.000 105224.000      0.915    51.0520   -28.2535     0.0002    -0.0055     0.0000     0.0000    -0.0010    90.0000     0.0577  1858.2190  1091.7073  1091.4977 -1032.6111    30.5008 7171457.2984 -7171426.7976     0.0000     0.0000     0.000
     29    56.2225      1.000  15152.000 105608.000      0.918    51.0520   -28.2535     0.0002    -0.0055     0.0000     0.0000    -0.0010    90.0000     0.0577  1858.2245  1092.9705  1092.7607 -1029.9454    30.5008 7171457.2984 -7171426.7976     0.0000     0.0000     0.000
     30    56.3269      1.000  12745.000 106073.000      0.922    51.0520   -28.2535     0.0002    -0.0055     0.0000     0.0000    -0.0010    90.0000     0.0577  1858.2303  1094.3004  1094.0903 -1027.1283    30.5008 7171457.2984 -7171426.7976     0.0000     0.0000     0.000
     31    56.4285      1.000  10211.000 105471.000      0.917    51.0520   -28.2535     0.0002    -0.0055     0.0000     0.0000    -0.0010    90.0000     0.0577  1858.2360  1095.5918  1095.3815 -1024.3821    30.5008 7171457.2984 -7171426.7976     0.0000     0.0000     0.000
     32    56.5274      1.000   8240.000 105525.000      0.918    51.0520   -28.2535     0.0002    -0.0055     0.0000     0.0000    -0.0010    90.0000     0.0577  1858.2415  1096.8450  1096.6344 -1021.7070    30.5008 7171457.2984 -7171426.7976     0.0000     0.0000     0.000
     33    56.6290      1.000   6502.000 105995.000      0.922    51.0520   -28.2535     0.0002    -0.0055     0.0000     0.0000    -0.0010    90.0000     0.0577  1858.2472  1098.1296  1097.9188 -1018.9544    30.5008 7171457.2984 -7171426.7976     0.0000     0.0000     0.000
     34    56.7307      1.000   5232.000 105170.000      0.915    51.0520   -28.2535     0.0002    -0.0055     0.0000     0.0000    -0.0010    90.0000     0.0577  1858.2529  1099.4107  1099.1997 -1016.1985    30.5008 7171457.2984 -7171426.7976     0.0000     0.0000     0.000
     35    56.8350      1.000   4554.000 105622.000      0.918    51.0520   -28.2535     0.0002    -0.0055     0.0000     0.0000    -0.0010    90.0000     0.0577  1858.2587  1100.7229  1100.5116 -1013.3649    30.5008 7171457.2984 -7171426.7976     0.0000     0.0000     0.000
     36    56.9339      1.000   3999.000 105840.000      0.920    51.0520   -28.2535     0.0002    -0.0055     0.0000     0.0000    -0.0010    90.0000     0.0577  1858.2643  1101.9627  1101.7511 -1010.6773    30.5008 7171457.2984 -7171426.7976     0.0000     0.0000     0.000
     37    57.0355      1.000   3785.000 105527.000      0.918    51.0520   -28.2535     0.0002    -0.0055     0.0000     0.0000    -0.0010    90.0000     0.0577  1858.2700  1103.2334  1103.0216 -1007.9118    30.5008 7171457.2984 -7171426.7976     0.0000     0.0000     0.000
     38    57.1344      1.000   3703.000 105744.000      0.920    51.0520   -28.2535     0.0002    -0.0055     0.0000     0.0000    -0.0010    90.0000     0.0577  1858.2756  1104.4665  1104.2545 -1005.2181    30.5008 7171457.2984 -7171426.7976     0.0000     0.0000     0.000
     39    57.2388      1.000   3762.000 105643.000      0.919    51.0520   -28.2535     0.0002    -0.0055     0.0000     0.0000    -0.0010    90.0000     0.0577  1858.2814  1105.7645  1105.5523 -1002.3715    30.5008 7171457.2984 -7171426.7976     0.0000     0.0000     0.000
     40    57.3376      1.000   3658.000 105877.000      0.921    51.0520   -28.2535     0.0002    -0.0055     0.0000     0.0000    -0.0010    90.0000     0.0577  1858.2870  1106.9908  1106.7783  -999.6715    30.5008 7171457.2984 -7171426.7976     0.0000     0.0000     0.000
     41    57.4420      1.000   3673.000 105503.000      0.917    51.0520   -28.2535     0.0002    -0.0055     0.0000     0.0000    -0.0010    90.0000     0.0577  1858.2929  1108.2817  1108.0690  -996.8184    30.5008 7171457.2984 -7171426.7976     0.0000     0.0000     0.000
# Sum of Counts = 509978
# Center of Mass = 55.408796+/-0.109734
# Full Width Half-Maximum = 1.640454+/-0.028896
# 9:43:52 PM  10/22/2003   scan completed.
